gyr,1432647328703310000,0.14453,0.01471,0.01231
gyr,1432647328752300000,0.04112,0.00302,0.02098
gyr,1432647328804020000,-0.03061,-0.06018,0.02647
gyr,1432647328854360000,-0.03657,-0.03579,0.01266
gyr,1432647328905470000,0.03671,0.00733,-0.02472
gyr,1432647328956590000,0.02051,0.05075,0.01186
gyr,1432647329007880000,-0.05079,0.02054,0.09477
gyr,1432647329059160000,-0.0764,-0.00781,0.10489
gyr,1432647329110140000,-0.01017,-0.05483,0.04865
gyr,1432647329161410000,0.06666,0.03024,0.01827
gyr,1432647329213200000,0.073,-0.04752,-0.00318
gyr,1432647329263790000,0.02066,0.00138,0
gyr,1432647329315900000,-0.01361,-0.03668,0.02626
gyr,1432647329365960000,-0.01851,0.03219,0.02558
gyr,1432647329417290000,-0.0334,0.0005,0.05796
gyr,1432647329467310000,-0.04292,-0.01704,0.03838
gyr,1432647329518410000,0.00592,-0.0182,0.01746
gyr,1432647329569660000,0.04344,-0.01034,0.03345
gyr,1432647329620560000,0.10197,-0.00401,0.01493
gyr,1432647329671960000,0.11902,-0.00271,0.01123
gyr,1432647329722540000,0.09837,0.05984,0.00567
gyr,1432647329773730000,-0.03225,0.05347,0.06115
gyr,1432647329824660000,-0.09865,0.00112,0.1418
gyr,1432647329876050000,-0.11781,-0.03997,0.11504
gyr,1432647329927000000,-0.05794,-0.02889,0.0829
gyr,1432647329978410000,0.06823,-0.02553,-0.01327
gyr,1432647330029460000,0.0569,0.02283,0.02203
gyr,1432647330080790000,0.00964,-0.00474,0.00869
gyr,1432647330131720000,-0.00354,0.04902,-0.01405
gyr,1432647330183170000,-0.06891,-0.02434,-0.03684
gyr,1432647330234100000,-0.07396,0.00292,-0.01983
gyr,1432647330285470000,0.00938,-0.05851,0.03883
gyr,1432647330336560000,0.01773,0.04258,0.04772
gyr,1432647330387960000,-0.035,0.0096,0.09612
gyr,1432647330438240000,-0.09603,-0.04215,0.12495
gyr,1432647330489710000,-0.02383,-0.07422,0.07967
gyr,1432647330540670000,0.09122,-0.06582,-0.00052
gyr,1432647330592080000,0.12462,-0.05894,-0.05855
gyr,1432647330642990000,0.10762,-0.04925,-0.06113
gyr,1432647330694390000,0.08815,-0.0051,-0.06281
gyr,1432647330745370000,0.03639,0.02125,0.00599
gyr,1432647330796750000,-0.02363,0.05585,0.05003
gyr,1432647330847670000,-0.02663,0.07009,0.10664
gyr,1432647330899110000,-0.03099,-0.0351,0.06324
gyr,1432647330950000000,0.01591,-0.00986,-0.00976
gyr,1432647331001420000,0.05248,-0.04294,-0.01805
gyr,1432647331052360000,0.03916,-0.02342,-0.02442
gyr,1432647331103900000,0.02084,-0.02221,-0.01581
gyr,1432647331154870000,0.01588,0.01846,-0.0088
gyr,1432647331206120000,-0.04752,-0.01371,0.01243
gyr,1432647331257110000,-0.06331,-0.00893,0.00991
gyr,1432647331308450000,0.022,-0.03197,-0.00954
gyr,1432647331358370000,0.06343,-0.0109,-0.02082
gyr,1432647331409760000,0.05593,-0.0156,0.0002
gyr,1432647331460710000,0.0057,-0.02161,0.0397
gyr,1432647331512160000,-0.04379,-0.0556,0.00667
gyr,1432647331563310000,-0.01547,-0.01407,-0.03319
gyr,1432647331614490000,0.01482,-0.02848,-0.02192
gyr,1432647331665360000,0.00607,-0.03069,0.00277
gyr,1432647331716770000,0.01455,-0.02691,0.00521
gyr,1432647331767770000,0.03271,-0.02913,0.01388
gyr,1432647331819140000,0.00954,-0.01691,0.01991
gyr,1432647331870130000,0.01696,-0.03792,0.00902
gyr,1432647331921720000,0.01949,-0.01958,-0.00226
gyr,1432647331972560000,0.00737,-0.02341,-0.00594
gyr,1432647332059390000,0.02799,-0.00968,-0.00235
gyr,1432647332074310000,-0.02695,-0.04419,0.02385
gyr,1432647332125500000,-0.05393,-0.00841,0.04569
gyr,1432647332176410000,-0.00011,-0.02076,0.01254
gyr,1432647332235070000,0.02787,-0.01567,0.01005
gyr,1432647332279010000,0.04504,-0.02928,-0.00461
gyr,1432647332330190000,0.03532,-0.01583,-0.00599
gyr,1432647332380530000,0.01938,-0.00346,0.00745
gyr,1432647332432560000,-0.02092,-0.01949,0.02732
gyr,1432647332482880000,0.05577,-0.01417,0.01622
gyr,1432647332534330000,0.01927,-0.01807,0.01993
gyr,1432647332585160000,0.04499,-0.03412,0.0016
gyr,1432647332636630000,0.11925,0.06093,-0.01653
gyr,1432647332687540000,-0.07716,0.02356,0.05647
gyr,1432647332738830000,-0.16448,-0.00896,0.16036
gyr,1432647332789880000,-0.07989,0.01163,0.08743
gyr,1432647332841230000,0.03279,-0.0108,0.00383
gyr,1432647332892140000,0.12695,0.00883,-0.05304
gyr,1432647332943510000,0.215,0.02229,-0.10739
gyr,1432647332994480000,0.14885,0.0483,-0.05834
gyr,1432647333045890000,-0.06536,0.04747,0.09079
gyr,1432647333096840000,-0.1512,0.0638,0.1646
gyr,1432647333150890000,-0.08218,0.04496,0.19321
gyr,1432647333199490000,0.01817,0.10015,0.12243
gyr,1432647333250670000,0.03742,0.09897,0.02005
gyr,1432647333301700000,0.07117,0.10204,0.04842
gyr,1432647333353120000,0.12343,0.1393,0.04687
gyr,1432647333404330000,0.03671,0.13431,0.0888
gyr,1432647333455290000,-0.00847,0.08261,0.11271
gyr,1432647333506470000,0.00315,0.09903,0.04346
gyr,1432647333557710000,0.07859,0.05766,0.03899
gyr,1432647333608900000,0.11172,0.02675,0.0097
gyr,1432647333659680000,0.10671,0.01339,0.02587
gyr,1432647333709660000,0.04833,-0.03247,0.03244
gyr,1432647333760100000,0.09271,0.02974,-0.03476
gyr,1432647333810520000,0.0726,0.06455,-0.09311
gyr,1432647333860640000,-0.01127,0.05411,-0.09308
gyr,1432647333911930000,-0.07423,-0.00199,-0.11479
gyr,1432647333963940000,-0.06148,-0.00759,-0.17519
gyr,1432647334014380000,-0.10264,-0.00811,-0.19249
gyr,1432647334066690000,-0.18721,-0.03151,-0.24416
gyr,1432647334116820000,-0.33044,-0.07829,-0.26233
gyr,1432647334167640000,-0.35274,-0.15414,-0.21472
gyr,1432647334217710000,-0.27825,-0.07693,-0.37705
gyr,1432647334268480000,-0.21631,-0.12806,-0.36786
gyr,1432647334319120000,-0.15859,-0.1502,-0.30221
gyr,1432647334369770000,-0.07807,-0.09713,-0.33474
gyr,1432647334421280000,-0.10354,-0.10442,-0.21747
gyr,1432647334472340000,-0.17119,-0.06788,-0.01676
gyr,1432647334524050000,-0.07843,-0.0145,0.06424
gyr,1432647334574350000,-0.05124,-0.00224,0.14188
gyr,1432647334625740000,-0.04582,-0.04966,0.08805
gyr,1432647334676730000,-0.10307,0.09238,-0.03306
gyr,1432647334728120000,-0.36207,-0.29019,0.12344
gyr,1432647334779090000,-0.58407,-0.41496,0.20837
gyr,1432647334830480000,-0.16377,0.36113,-0.0604
gyr,1432647334881510000,0.4488,0.08525,-0.02884
gyr,1432647334932890000,-0.07514,-0.23623,0.23914
gyr,1432647334983860000,-0.50996,-0.49328,0.588
gyr,1432647335035290000,-0.26605,0.36622,0.20228
gyr,1432647335086290000,0.25231,0.26035,-0.08623
gyr,1432647335137730000,0.22651,-0.42313,-0.01051
gyr,1432647335188080000,-0.40745,-0.50762,0.17981
gyr,1432647335239480000,-0.38521,-0.14062,-0.00512
gyr,1432647335290410000,-0.05225,-0.36278,0.14661
gyr,1432647335341820000,0.08313,0.35164,-0.07244
gyr,1432647335392780000,0.33213,0.90561,-0.58228
gyr,1432647335444160000,0.35378,-0.01421,-0.24758
gyr,1432647335495120000,0.16074,0.74296,-0.69559
gyr,1432647335546750000,0.52332,0.12732,-0.4376
gyr,1432647335597580000,0.3171,0.14408,-0.3602
gyr,1432647335649530000,0.1371,0.38515,-0.36886
gyr,1432647335699790000,0.22211,0.0191,-0.45777
gyr,1432647335750180000,0.3075,-0.67136,-0.31527
gyr,1432647335801170000,0.29249,-1.14888,-0.11569
gyr,1432647335852580000,0.61951,-0.85048,0.23086
gyr,1432647335903630000,0.41529,-1.06587,0.24513
gyr,1432647335954890000,0.11065,-1.11817,0.07634
gyr,1432647336005850000,-0.3119,-0.70987,-0.002
gyr,1432647336057300000,-0.59465,-0.20571,-0.45749
gyr,1432647336108240000,-0.07223,-0.13087,-0.1851
gyr,1432647336162590000,-0.48139,-0.1543,0.13313
gyr,1432647336210470000,-0.63292,0.08487,0.44162
gyr,1432647336261890000,-0.59614,0.44588,0.2617
gyr,1432647336312850000,-0.42564,0.27557,0.61145
gyr,1432647336364190000,-0.29942,0.59943,0.3641
gyr,1432647336415390000,-0.14584,0.63797,-0.17165
gyr,1432647336466620000,-0.02438,0.25867,-0.25795
gyr,1432647336517520000,-0.03669,0.40298,-0.1298
gyr,1432647336568780000,-0.03449,0.18457,0.40166
gyr,1432647336619430000,0.05563,0.39223,0.61564
gyr,1432647336671260000,0.26958,0.12503,0.39015
gyr,1432647336722090000,0.62373,0.24068,0.09565
gyr,1432647336773500000,0.41366,0.30003,-0.05563
gyr,1432647336824440000,0.5518,0.11713,0.00178
gyr,1432647336875840000,0.4751,0.41553,-0.00735
gyr,1432647336926830000,0.61259,0.30937,-0.01237
gyr,1432647336978250000,0.42479,0.23503,0.05236
gyr,1432647337029480000,0.4211,0.20801,0.05879
gyr,1432647337080640000,0.3862,0.11264,0.03007
gyr,1432647337131540000,0.51983,-0.00523,0.17075
gyr,1432647337182930000,0.75685,0.25837,0.15481
gyr,1432647337237530000,0.6724,0.67118,-0.43166
gyr,1432647337285370000,0.12327,0.13446,-0.42813
gyr,1432647337336300000,0.05377,0.01744,-0.39867
gyr,1432647337387820000,0.33526,0.36507,-0.12296
gyr,1432647337440380000,0.17404,-0.07583,0.23038
gyr,1432647337489880000,0.34862,0.16086,0.26154
gyr,1432647337541060000,0.20449,0.01619,0.09502
gyr,1432647337592230000,-0.06766,-0.10641,0.08858
gyr,1432647337643190000,-0.13163,0.01092,0.15649
gyr,1432647337694780000,-0.1592,-0.35004,0.1427
gyr,1432647337745680000,0.47745,0.03347,-0.34048
gyr,1432647337796990000,0.19703,-0.17291,-0.73479
gyr,1432647337847920000,0.01809,-0.68393,-1.04338
gyr,1432647337898290000,0.10059,-0.32186,-0.68406
gyr,1432647337949290000,0.34872,-0.01276,-0.22786
gyr,1432647338000650000,0.36978,0.1759,-0.40365
gyr,1432647338051670000,-0.01117,-0.06686,-0.21776
gyr,1432647338103090000,-0.15471,-0.11201,-0.2051
gyr,1432647338154240000,0.19083,0.43596,-0.2743
gyr,1432647338205290000,-0.08129,-0.05768,-0.13523
gyr,1432647338256450000,0.06535,-0.13866,0.28519
gyr,1432647338307660000,0.33173,0.2043,0.49184
gyr,1432647338358780000,0.20003,0.04181,0.1762
gyr,1432647338409980000,-0.06173,-0.12955,0.10485
gyr,1432647338461210000,-0.0646,0.08707,0.01144
gyr,1432647338512340000,0.24963,0.56189,-0.08299
gyr,1432647338563590000,-0.00169,0.11093,-0.08251
gyr,1432647338615990000,-0.05625,0.05782,0.02901
gyr,1432647338665950000,-0.14044,0.01336,0.06392
gyr,1432647338718110000,-0.17969,0.23364,0.08395
gyr,1432647338768280000,-0.12572,-0.00603,0.17517
gyr,1432647338819380000,-0.31426,-0.42158,0.21606
gyr,1432647338869750000,-0.29534,-0.38333,0.02075
gyr,1432647338921180000,0.03608,0.1246,-0.09249
gyr,1432647338972000000,0.2149,0.12134,-0.35019
gyr,1432647339022870000,0.30766,-0.22543,0.00614
gyr,1432647339074320000,0.20957,-0.37382,0.10128
gyr,1432647339125380000,0.2086,-0.05187,0.54482
gyr,1432647339176890000,-0.04307,0.20181,0.40765
gyr,1432647339227700000,-0.04033,0.11379,0.25921
gyr,1432647339279120000,-0.09362,-0.07899,0.13025
gyr,1432647339330090000,-0.04896,-0.0368,0.0361
gyr,1432647339381510000,-0.1768,-0.83421,0.11283
gyr,1432647339432740000,-0.09385,-0.34797,0.17234
gyr,1432647339483880000,0.08282,0.08188,0.10168
gyr,1432647339534800000,0.20793,0.3943,0.21227
gyr,1432647339586350000,-0.02464,0.14321,0.14542
gyr,1432647339637240000,0.03622,0.10699,0.26304
gyr,1432647339688700000,0.15891,0.07199,0.15243
gyr,1432647339739620000,0.37191,0.32152,0.10823
gyr,1432647339790920000,0.56428,0.42119,0.19379
gyr,1432647339841840000,0.3759,0.28892,0.44417
gyr,1432647339893260000,0.26775,0.26105,0.44188
gyr,1432647339943220000,0.16149,0.15787,0.13062
gyr,1432647339994570000,-0.05591,-0.05082,0.00292
gyr,1432647340045530000,-0.18754,-0.05165,-0.08602
gyr,1432647340096960000,-0.11097,0.00793,-0.08901
gyr,1432647340147890000,-0.04911,0.02453,-0.07555
gyr,1432647340199280000,0.07049,0.01985,-0.12229
gyr,1432647340250230000,-0.00842,-0.11923,-0.36901
gyr,1432647340301620000,-0.07088,-0.08028,-0.07948
gyr,1432647340352580000,-0.02553,-0.02478,0.00145
gyr,1432647340404060000,0.01835,0.03318,-0.01388
gyr,1432647340455010000,-0.01648,-0.04877,-0.05136
gyr,1432647340506360000,-0.08853,0.07165,-0.02668
gyr,1432647340557460000,-0.02927,0.00852,0.00853
gyr,1432647340608680000,0.00363,-0.05405,0.00546
gyr,1432647340659600000,0.04019,-0.03423,-0.00457
gyr,1432647340711030000,-0.01905,0.05065,-0.16708
gyr,1432647340761980000,-0.08123,0.18727,-0.0352
gyr,1432647340813390000,-0.13655,0.17327,0.15121
gyr,1432647340864290000,-0.1568,0.22299,0.10505
gyr,1432647340915910000,-0.27861,0.23106,0.12955
gyr,1432647340966730000,-0.21796,-0.01918,0.16041
gyr,1432647341018050000,-0.10889,0.014,0.19226
gyr,1432647341068990000,-0.2703,-0.20089,-0.06613
gyr,1432647341120480000,-0.12737,-0.08117,-0.02153
gyr,1432647341171300000,0.0711,-0.18592,-0.04626
gyr,1432647341222720000,0.00675,-0.20828,0.06989
gyr,1432647341273670000,-0.25444,-0.4557,-0.17593
gyr,1432647341325090000,-0.47747,-0.26898,0.11327
gyr,1432647341376010000,-0.2239,-0.35473,0.29322
gyr,1432647341427390000,-0.30062,-0.82615,-0.1514
gyr,1432647341478400000,-0.05095,-0.44069,0.02028
gyr,1432647341529790000,0.23106,-0.16202,0.003
gyr,1432647341580910000,0.05984,-0.09004,-0.14467
gyr,1432647341632190000,-0.44901,-0.42413,-0.29485
gyr,1432647341683170000,-0.37702,-0.2933,-0.20845
gyr,1432647341734550000,-0.16402,-0.34624,-0.23121
gyr,1432647341785480000,0.03859,-0.42454,-0.30678
gyr,1432647341837010000,0.06814,-0.37038,-0.22585
gyr,1432647341887980000,-0.2973,-0.42732,-0.14663
gyr,1432647341939280000,-0.05846,-0.29448,-0.09096
gyr,1432647341990380000,-0.15124,-0.46218,-0.16221
gyr,1432647342041840000,-0.17289,-0.49304,-0.06075
gyr,1432647342092660000,-0.18692,-0.4914,-0.11754
gyr,1432647342144050000,-0.0219,-0.34387,-0.22001
gyr,1432647342195120000,-0.0132,-0.32985,0.00566
gyr,1432647342246410000,0.01332,-0.02744,0.25322
gyr,1432647342297310000,0.08462,-0.00863,0.04827
gyr,1432647342348780000,0.09847,-0.08415,0.00583
gyr,1432647342406760000,0.11199,0.2019,-0.1524
gyr,1432647342453020000,0.2315,0.63664,-0.09853
gyr,1432647342502150000,0.15204,0.36984,-0.03431
gyr,1432647342553420000,0.1306,0.40176,0.16401
gyr,1432647342604500000,0.14777,0.21444,0.03876
gyr,1432647342655660000,0.17408,0.25912,-0.04309
gyr,1432647342706730000,0.06656,0.21269,0.13865
gyr,1432647342757990000,-0.02816,0.16763,0.13161
gyr,1432647342809130000,0.03346,0.10303,0.05085
gyr,1432647342860340000,0.0066,0.23579,0.05324
gyr,1432647342911480000,-0.06689,0.16713,0.11431
gyr,1432647342962730000,0.04176,0.25426,-0.06166
gyr,1432647343013930000,-0.04249,0.1217,0.1086
gyr,1432647343065270000,0.00221,-0.06186,-0.21903
gyr,1432647343116280000,-0.0866,-0.54282,-0.05526
gyr,1432647343168440000,-0.27036,-0.30867,0.07064
gyr,1432647343218620000,0.06837,-0.17641,-0.26352
gyr,1432647343269810000,-0.06636,-0.1404,-0.16403
gyr,1432647343320130000,-0.10871,-0.31889,-0.04758
gyr,1432647343371220000,-0.05071,-0.10499,0.09475
gyr,1432647343422310000,0.07308,0.36709,0.08287
gyr,1432647343473260000,0.00582,0.28229,0.12929
gyr,1432647343524660000,0.15679,0.19719,-0.2572
gyr,1432647343575660000,0.16259,0.04758,-0.21873
gyr,1432647343627090000,0.15557,-0.09914,-0.23581
gyr,1432647343678030000,0.20157,-0.16284,-0.33387
gyr,1432647343729430000,0.24841,-0.16669,-0.2758
gyr,1432647343780380000,0.13054,-0.14354,-0.03675
gyr,1432647343831790000,-0.07408,-0.06948,-0.00309
gyr,1432647343882720000,-0.19337,0.00646,0.13057
gyr,1432647343934120000,-0.10101,0.13995,0.12441
gyr,1432647343985170000,-0.05335,0.06495,0.1042
gyr,1432647344036750000,-0.07379,-0.07901,0.21417
gyr,1432647344087600000,-0.06449,-0.23823,0.26878
gyr,1432647344138960000,-0.02357,-0.58483,0.08956
gyr,1432647344189520000,0.08464,-0.51981,0.20624
gyr,1432647344240340000,0.13699,-0.78055,0.09406
gyr,1432647344290710000,-0.00169,-0.4236,0.07814
gyr,1432647344341530000,0.09074,-0.11684,0.0518
gyr,1432647344391900000,0.08168,-0.0944,-0.01629
gyr,1432647344442650000,0.03104,-0.04365,-0.06248
gyr,1432647344493120000,0.06556,0.17147,-0.00408
gyr,1432647344544320000,0.06004,0.35426,0.04967
gyr,1432647344594890000,0.07502,0.33331,0.13502
gyr,1432647344646350000,0.00845,0.33738,0.10531
gyr,1432647344697190000,0.06058,0.0957,0.13608
gyr,1432647344748570000,0.05979,0.1185,0.09144
gyr,1432647344799540000,0.05595,-0.023,-0.00097
gyr,1432647344850940000,0.35584,-0.15422,-0.32272
gyr,1432647344901870000,0.16913,0.01083,-0.01601
gyr,1432647344953350000,-0.23074,-0.07939,-0.01793
gyr,1432647345004340000,-0.31447,-0.09157,-0.15484
gyr,1432647345055660000,-0.16207,0.00148,-0.08405
gyr,1432647345106640000,-0.02161,-0.07059,-0.02278
gyr,1432647345158030000,0.07106,0.01733,0.06528
gyr,1432647345209040000,0.12324,-0.00923,0.07669
gyr,1432647345260420000,0.14243,-0.02228,0.10398
gyr,1432647345311320000,0.09806,0.05163,0.03783
gyr,1432647345362700000,0.15781,0.01984,0.02091
gyr,1432647345413670000,0.10107,-0.05026,-0.13639
gyr,1432647345465160000,-0.0273,-0.19654,-0.0524
gyr,1432647345516050000,-0.08784,-0.055,-0.21053
gyr,1432647345567460000,-0.06483,0.03169,-0.08427
gyr,1432647345618440000,0.01301,0.09154,0.02997
gyr,1432647345670020000,0.03585,0.11294,0.05446
gyr,1432647345720810000,0.03129,-0.00183,0.03212
gyr,1432647345772110000,0.0279,-0.09932,0.01333
gyr,1432647345823060000,0.06965,-0.15613,-0.02557
gyr,1432647345875150000,0.08466,-0.1787,-0.06606
gyr,1432647345944730000,-0.04228,-0.06212,-0.02288
gyr,1432647345977200000,-0.10157,0.0604,0.06349
gyr,1432647346051970000,-0.1255,0.12859,0.01962
gyr,1432647346078880000,-0.05828,0.06467,-0.01178
gyr,1432647346130740000,0.02441,0.03324,-0.01264
gyr,1432647346181360000,0.1305,-0.06323,0.08462
gyr,1432647346232580000,0.10326,-0.08771,0.01327
gyr,1432647346283800000,0.03193,-0.10839,-0.02483
gyr,1432647346334580000,-0.04128,-0.10487,0.00222
gyr,1432647346385980000,-0.0951,-0.08058,-0.08937
gyr,1432647346437070000,-0.03343,0.00636,-0.06178
gyr,1432647346487370000,-0.11706,0.00176,-0.08648
gyr,1432647346538330000,-0.16241,-0.01284,-0.04813
gyr,1432647346589710000,-0.16482,-0.01165,-0.05061
gyr,1432647346640660000,-0.10319,-0.11034,-0.00642
gyr,1432647346692030000,-0.03909,-0.05044,0.02267
gyr,1432647346742960000,-0.00208,-0.0767,-0.0301
gyr,1432647346794320000,0.02977,-0.0731,-0.05479
gyr,1432647346845260000,0.06541,-0.05703,0.02775
gyr,1432647346896670000,0.07475,-0.00728,0.06306
gyr,1432647346947660000,0.07423,0.0078,-0.00865
gyr,1432647346999070000,0.05996,0.09582,-0.04654
gyr,1432647347050130000,-0.0174,0.11807,-0.09247
gyr,1432647347101410000,-0.09987,0.0951,-0.11082
gyr,1432647347152350000,-0.05637,-0.03547,0.04842
gyr,1432647347203880000,0.00244,0.02371,0.12069
gyr,1432647347254810000,-0.02414,-0.0176,-0.01589
gyr,1432647347306110000,-0.04241,-0.05335,-0.01062
gyr,1432647347357150000,0.01808,-0.08943,0.02186
gyr,1432647347408480000,0.04607,-0.01304,0.01374
gyr,1432647347460290000,0.05212,-0.00927,0.01617
gyr,1432647347510810000,0.02535,-0.06845,0.02289
gyr,1432647347561880000,0.00738,-0.05662,-0.00438
gyr,1432647347613110000,0.02435,-0.01955,-0.00226
gyr,1432647347664270000,0.03916,0.00608,-0.02717
gyr,1432647347716090000,0.0342,-0.00612,-0.01595
gyr,1432647347766630000,0.0681,-0.06595,0.00193
gyr,1432647347819190000,0.08759,-0.07325,-0.00169
gyr,1432647347869010000,0.0237,-0.06578,-0.0561
gyr,1432647347921300000,0.02218,-0.06785,-0.02523
gyr,1432647347971770000,-0.02199,-0.05657,0.01534
gyr,1432647348022400000,-0.01958,-0.03317,0.01511
gyr,1432647348072700000,-0.01479,-0.00599,0.02102
gyr,1432647348124030000,-0.01596,-0.00606,0.01609
gyr,1432647348175130000,0.0168,0.00409,0.02218
gyr,1432647348225980000,0.04343,-0.01771,0.03476
gyr,1432647348277410000,0.03877,0.00658,0.01231
gyr,1432647348328310000,0.02191,-0.00972,-0.00236
gyr,1432647348379810000,0.00509,-0.01501,-0.02206
gyr,1432647348430690000,-0.00947,-0.01638,-0.02453
gyr,1432647348482120000,-0.00101,-0.02241,-0.01953
gyr,1432647348533190000,0.01965,-0.03086,-0.01819
gyr,1432647348587470000,0.03544,-0.02212,-0.01703
gyr,1432647348635510000,0.00153,-0.01515,-0.0307
gyr,1432647348686960000,0.00992,-0.02601,-0.01825
gyr,1432647348736850000,0.01952,-0.01471,-0.00601
gyr,1432647348788260000,0.03648,-0.00099,-0.00119
gyr,1432647348839180000,0.03774,-0.01949,-0.00472
gyr,1432647348890590000,0.011,-0.00369,-0.00613
gyr,1432647348941540000,0.00015,-0.00511,-0.01476
gyr,1432647348992950000,0.00371,-0.00744,-0.00609
gyr,1432647349043960000,0.00127,-0.00744,-0.00486
gyr,1432647349095400000,0.0073,-0.0061,0.00006
gyr,1432647349146360000,0.00257,-0.00508,-0.01352
gyr,1432647349197710000,-0.00365,-0.01355,0.00136
gyr,1432647349248640000,-0.00252,-0.01958,0.01006
gyr,1432647349300110000,0.01942,-0.02441,0.00519
gyr,1432647349351030000,0.04369,-0.02419,0.00891
gyr,1432647349402460000,0.02437,-0.00974,-0.00482
gyr,1432647349453490000,0.01942,-0.00966,0.003