acc,454001769861030000,-10.02954,0.19245,0.33945
acc,454001769923908000,-9.45951,-0.52981,-0.26288
acc,454001769973534000,-10.07754,-0.09376,0.11066
acc,454001770080815000,-9.66781,-0.53026,0.02213
acc,454001769998360000,-10.61318,-0.22715,0.50797
acc,454001770095603000,-9.56089,0.00837,0.12576
acc,454001770145654000,-9.17419,-0.27694,-0.02123
acc,454001770196636000,-9.83708,-0.21982,-0.34648
acc,454001770247816000,-9.94699,-0.33915,-0.27006
acc,454001770333217000,-10.26057,0.03828,-0.19021
acc,454001770350921000,-9.94041,0.40734,-0.323
acc,454001770401788000,-10.03462,-0.23014,-0.70402
acc,454001770453328000,-9.94998,0.41601,-0.39044
acc,454001770504207000,-9.20305,0.7079,0.01032
acc,454001770555684000,-9.4945,0.97991,0.02408
acc,454001770606576000,-9.4939,-0.00568,-0.08449
acc,454001770656898000,-9.70968,0.59231,-0.25421
acc,454001770707819000,-9.78789,0.36502,-0.37863
acc,454001770759148000,-9.93937,0.05563,-0.44547
gyr,45400177079616400,-0.0168,0.01435,-0.0236
acc,454001770810167000,-9.9941,-0.01017,-0.50334
gyr,45400177084743000,0.04275,-0.0307,-0.01818
acc,454001770861648000,-9.98333,0.26408,-0.48584
gyr,45400177089828300,0.02884,-0.07226,-0.08441
acc,454001770914062000,-9.95656,0.31238,-0.36083
gyr,45400177095112200,0.00479,-0.13916,-0.10599
acc,454001770970720000,-9.74258,0.10168,-0.22251
gyr,45400177100048200,0.00519,-0.16425,-0.144
acc,454001771014059000,-9.69802,-0.14161,0.00987
gyr,45400177105096200,-0.03295,-0.16886,-0.09833
acc,454001771066257000,-9.71133,-0.0157,0.19126
gyr,45400177110162600,-0.10784,-0.13893,-0.02589
acc,454001771117142000,-9.605,-0.41721,0.08
gyr,45400177115263200,-0.06455,-0.0753,0.01795
acc,454001771168546000,-9.44291,-0.45923,0.04381
gyr,45400177120381000,-0.02742,-0.00546,0.06913
acc,454001771219609000,-9.48089,-0.44906,0.04322
gyr,45400177125997200,0.00714,0.12724,0.12956
acc,454001771270035000,-9.4782,-0.21548,-0.1597
gyr,45400177130601800,0.0273,0.22271,0.1743
acc,454001771321986000,-9.4607,-0.48315,-0.31118
gyr,45400177135736000,0.1811,0.27094,0.10733
acc,454001771373045000,-10.03836,-0.43336,-0.3858
gyr,45400177140850100,0.3255,0.13458,0.14332
acc,454001771423996000,-10.46843,0.6919,-0.43694
gyr,45400177145969800,0.23706,-0.034,0.00176
acc,454001771475379000,-9.9923,0.56121,-0.23836
gyr,45400177151087000,0.13224,-0.05932,-0.09186
acc,454001771526275000,-9.93847,0.33347,-0.19769
gyr,45400177156223800,-0.0028,-0.06751,-0.08078
acc,454001771577643000,-9.76217,0.44367,-0.16748
gyr,45400177161320200,-0.11384,-0.03087,-0.04175
acc,454001771628641000,-10.04883,0.23163,-0.21758
gyr,45400177166442100,-0.16614,-0.07915,-0.03515
acc,454001771680056000,-10.11074,0.0818,-0.21743
gyr,45400177171554800,-0.12722,-0.11087,-0.03481
acc,454001771731211000,-9.2509,-0.23058,-0.18542
gyr,45400177176577400,-0.00039,-0.03304,-0.08112
acc,454001771782456000,-9.9932,-0.06086,-0.09989
gyr,45400177181691900,0.01828,-0.10232,-0.11991
acc,454001771833459000,-9.48343,-0.04262,0.01181
gyr,45400177186833600,-0.02622,-0.04513,-0.05017
acc,454001771884894000,-9.44994,-0.21488,-0.08269
gyr,45400177191929100,-0.01097,0.03193,0.00091
acc,454001771935796000,-9.67798,-0.17286,-0.14326
gyr,45400177197044400,0.03397,0.06672,0.00185
acc,454001771987249000,-9.93114,0.09525,-0.31133
gyr,45400177202172100,0.01354,0.03062,-0.01879
acc,454001772038329000,-9.89585,0.17959,-0.31148
gyr,45400177207183700,-0.04424,0.01349,-0.07543
acc,454001772089675000,-9.73809,-0.05054,-0.26946
gyr,45400177212292400,-0.07572,0.01556,-0.08905
acc,454001772140574000,-9.85219,-0.34259,-0.35515
gyr,45400177217416200,-0.01541,-0.01783,-0.03809
acc,454001772191987000,-8.98024,1.48923,0.04606
gyr,45400177222533700,0.04189,0.05668,-0.30652
acc,454001772242945000,-10.57893,-1.34074,-0.49212
gyr,45400177227657000,0.00599,-0.02075,0.01008
acc,454001772294302000,-9.51902,0.54117,-0.23253
gyr,45400177232764400,-0.10727,0.00454,0.02948
acc,454001772345684000,-9.62699,-0.61205,-0.31238
gyr,45400177237888600,0.28041,-0.05517,0.53627
acc,454001772396728000,-8.97845,-0.16314,-0.34588
gyr,45400177243003700,0.49092,0.08138,-0.35451
acc,454001772447678000,-10.68914,1.44601,-0.34857
gyr,45400177248119000,0.0499,-0.05259,-0.00192
acc,454001772499609000,-9.27617,0.63134,-0.1627
gyr,45400177253662000,-0.11106,-0.00848,0.1678
acc,454001772550576000,-9.8148,-0.96256,-0.61968
gyr,45400177258314100,0.04094,0.00079,0.03951
acc,454001772600964000,-9.96434,0.26393,-0.4664
gyr,45400177265934400,0.03544,-0.04302,-0.01559
acc,454001772682259000,-9.6714,-0.06355,-0.42229
gyr,45400177269610200,-0.00797,-0.04133,-0.05143
acc,454001772704433000,-9.97406,0.26558,-0.36083
gyr,45400177273556400,-0.09419,-0.06787,-0.05864
acc,454001772753651000,-9.59185,-0.20457,-0.22849
gyr,45400177278676200,-0.08334,-0.02588,-0.05287
acc,454001772806166000,-9.68665,-0.5147,-0.23687
gyr,45400177283684400,-0.01433,-0.00535,-0.02587
acc,454001772856640000,-9.64987,-0.47822,-0.26558
gyr,45400177288812800,0.07533,0.02025,0.00233
acc,454001772908011000,-9.65779,-0.20397,-0.28681
gyr,45400177293924600,0.0632,0.04596,-0.00163
acc,454001772958963000,-9.93668,-0.03798,-0.35844
gyr,45400177299034700,0.00718,0.00142,0.0111
acc,454001773010355000,-9.81944,-0.17227,-0.30804
gyr,45400177304153200,-0.00134,0.00261,0.01231
acc,454001773061320000,-9.83738,-0.21025,-0.34662
gyr,45400177309269600,0.01443,-0.00339,0.01608
acc,454001773112712000,-9.656,-0.26214,-0.38221
gyr,45400177314387800,0.03514,0.009,0.01105
acc,454001773163692000,-9.80135,-0.1449,-0.35605
gyr,45400177319514200,0.03637,0.00777,0.00982
acc,454001773215107000,-9.8489,-0.13443,-0.34722
gyr,45400177324704000,0.03028,-0.00211,0.01115
acc,454001773270219000,-9.69757,-0.13787,-0.3547
gyr,45400177329731400,0.01081,0.015,0.0122
acc,454001773317165000,-9.80239,-0.10737,-0.37563
gyr,45400177334844600,0.02185,0.01741,0.00232
acc,454001773368100000,-9.78235,-0.13757,-0.46147
gyr,45400177339967800,0.00735,0.0012,-0.00618
acc,454001773419948000,-9.82871,-0.17376,-0.43306
gyr,45400177345092000,0.01711,0.00369,-0.00989
acc,454001773470502000,-9.85787,-0.1452,-0.47194
gyr,45400177350225600,0.01226,-0.01481,-0.00972
acc,454001773521988000,-9.70609,-0.16703,-0.42199
gyr,45400177355319600,0.00367,-0.00493,-0.00242
acc,454001773572933000,-9.76396,-0.11888,-0.46147
gyr,45400177360434600,-0.00351,-0.0002,-0.01357
acc,454001773624287000,-9.76232,-0.1763,-0.49945
gyr,45400177365571700,-0.00345,0.00341,-0.01978
acc,454001773675219000,-9.8003,-0.17496,-0.46147
gyr,45400177370680600,-0.00835,-0.00765,-0.01597
acc,454001773726608000,-9.8,-0.18513,-0.4999
gyr,45400177375800100,-0.00225,-0.00518,-0.01846
acc,454001773777588000,-9.74377,-0.16643,-0.44158
gyr,45400177380917800,0.00153,0.00452,-0.03212
acc,454001773828980000,-9.65046,-0.12202,-0.4984
gyr,45400177386036400,-0.0104,0.02873,-0.05705
acc,454001773879930000,-9.90378,-0.18378,-0.56824
gyr,45400177391165800,-0.03376,0.00186,-0.02843
acc,454001773931320000,-9.30937,0.80839,-0.4045
gyr,45400177396278400,0.10979,0.0233,-0.16301
acc,454001773982313000,-10.08217,-0.22729,-0.58932
gyr,45400177401387900,-0.05257,0.00862,0.02949
acc,454001774033785000,-9.82422,0.32479,-0.59949
gyr,45400177406450400,-0.11449,-0.03618,0.02493
acc,454001774083989000,-9.77712,-0.63254,-0.64061
gyr,45400177411530200,-0.01942,-0.02599,-0.001
acc,454001774136053000,-9.73839,-0.02677,-0.57691
gyr,45400177416653200,-0.0397,-0.02418,-0.04052
acc,454001774187013000,-10.60316,-3.33391,-2.13059
gyr,45400177421766600,0.46466,-0.02941,-0.14987
acc,454001774238382000,-9.38848,2.20446,-0.19395
gyr,45400177426886200,-0.20133,-0.02504,0.07781
acc,454001774289448000,-9.95238,-1.10193,-0.64929
gyr,45400177432003200,-0.0705,-0.08624,0.12787
acc,454001774341023000,-9.65331,-0.34139,-0.6122
gyr,45400177437133300,-0.00815,-0.03372,-0.03423
acc,454001774391542000,-9.74303,-0.18692,-0.53758
gyr,45400177442246000,0.02567,-0.01968,-0.01336
acc,454001774442900000,-9.6563,-0.24434,-0.45923
gyr,45400177447353500,-0.00589,-0.01258,-0.01839
acc,454001774493794000,-9.89974,-0.01122,-0.42543
gyr,45400177452471500,-0.04475,-0.0375,-0.02065
acc,454001774545366000,-9.69772,-0.4507,-0.39134
gyr,45400177457594200,0.01365,-0.02977,-0.02561
acc,454001774596241000,-9.66078,-0.42289,-0.39104
gyr,45400177462713800,0.05981,-0.00236,-0.02461
acc,454001774647957000,-9.77951,-0.23253,-0.48001
gyr,45400177467833200,0.04744,0.01259,-0.00379
acc,454001774698705000,-9.92217,-0.20157,-0.52996
gyr,45400177472947500,0.01954,-0.00613,-0.00856
acc,454001774750080000,-9.81675,-0.25989,-0.47059
gyr,45400177478065200,-0.01092,-0.01732,-0.00107
acc,454001774801144000,-9.77114,-0.20382,-0.4513
gyr,45400177483182100,-0.01814,-0.01131,-0.00854
acc,454001774852561000,-9.81675,-0.25989,-0.47059
gyr,45400177488306400,-0.00354,0.00476,-0.01115
acc,454001774903515000,-9.73764,-0.37534,-0.48824
gyr,45400177493422600,0.0171,0.00001,-0.00862
acc,454001774963882000,-9.82288,-0.36457,-0.51829
gyr,45400177498553600,0.04256,-0.01693,0.0002
acc,454001775006224000,-9.74019,-0.2901,-0.47911
gyr,45400177503664200,0.03403,-0.01082,0.00137
acc,454001775057206000,-9.76097,-0.22281,-0.44143
gyr,45400177508798800,0.01716,-0.0099,-0.01346
acc,454001775108120000,-9.72912,-0.34752,-0.49781
gyr,45400177513903200,0.00955,0.00644,0.01722
acc,454001775159699000,-9.85458,-0.25032,-0.52876
gyr,45400177519027100,0.01092,-0.00112,0.00249
acc,454001775210569000,-9.8163,-0.27081,-0.56659
gyr,45400177524170400,0.0158,-0.00972,0.00134
acc,454001775262100000,-9.77712,-0.30984,-0.57556
gyr,45400177529262200,0.00108,-0.01703,0.01497
acc,454001775312947000,-9.74078,-0.27126,-0.48898
gyr,45400177534392800,0.00716,-0.00716,0.01365
acc,454001775365319000,-9.79791,-0.25197,-0.54745
gyr,45400177539511200,0.02548,-0.00099,0.00497
acc,454001775415313000,-9.7988,-0.22356,-0.53803
gyr,45400177544620800,0.01697,-0.00597,0.00501
acc,454001775466705000,-9.85383,-0.27903,-0.5479
gyr,45400177549747600,0.02414,-0.03034,0.02006
acc,454001775517747000,-9.73211,-0.24315,-0.48898
gyr,45400177554864000,0.03279,-0.02062,0.00516
acc,454001775569180000,-9.75215,-0.20486,-0.48958
gyr,45400177562504600,0.03153,-0.00951,0.00875
acc,454001775626737000,-9.7994,-0.20427,-0.51904
gyr,45400177565037800,0.01587,0.00986,-0.00749
acc,454001775672582000,-9.78819,-0.25316,-0.61444
gyr,45400177570208000,0.00734,0.0086,-0.00501
acc,454001775722450000,-9.78654,-0.30984,-0.59485
gyr,45400177575316500,0.01964,0.00235,-0.01975
acc,454001775773806000,-9.76994,-0.23492,-0.62386
gyr,45400177580451100,0.0232,-0.00365,-0.00982
acc,454001775824752000,-9.82886,-0.15791,-0.63478
gyr,45400177585581800,-0.00602,-0.01733,-0.00477
acc,454001775877102000,-9.74303,-0.18722,-0.55672
gyr,45400177590677600,-0.01562,-0.00773,-0.01845
acc,454001775927995000,-9.7022,-0.29264,-0.58424
gyr,45400177595798600,-0.00369,0.01233,0.00358
acc,454001775978816000,-9.80673,-0.27216,-0.6433
gyr,45400177600911400,0.00868,0.00107,-0.01728
acc,454001776029576000,-9.88359,-0.22296,-0.62536
gyr,45400177605943200,0.01845,-0.0186,-0.02078
acc,454001776081076000,-9.77249,-0.14984,-0.64375
gyr,45400177611052200,-0.00221,-0.01751,-0.02081
acc,454001776131619000,-9.77802,-0.28143,-0.58528
gyr,45400177616170200,-0.00355,-0.02229,-0.00842
acc,454001776183064000,-9.74168,-0.23432,-0.54685
gyr,45400177621217600,-0.00712,-0.00519,-0.01723
acc,454001776234046000,-9.69084,-0.35904,-0.58364
gyr,45400177626296900,-0.00715,0.01083,-0.01492
acc,454001776288619000,-9.91006,-0.2889,-0.6445
gyr,45400177631415000,0.00126,-0.01234,-0.00358
acc,454001776336393000,-9.74258,-0.20621,-0.56614
gyr,45400177636532900,-0.02638,-0.01172,-0.03569
acc,454001776387766000,-9.13427,-0.64555,-0.54626
gyr,45400177641650800,0.38831,0.01648,-0.17629
acc,454001776438902000,-10.00232,0.91666,-0.53833
gyr,45400177646771200,-0.10311,0.04762,0.22032
acc,454001776490206000,-9.51902,0.23283,-0.60487
gyr,45400177651889600,-0.08486,-0.02024,0.10007
acc,454001776541148000,-9.77772,-0.60562,-0.75591
gyr,45400177657009800,-0.06917,-0.01786,-0.01099
acc,454001776592596000,-8.47272,-4.401,-2.5777
gyr,45400177662130200,0.33041,-0.09012,0.27753
acc,454001776643580000,-8.82233,2.56858,-0.30431
gyr,45400177667246400,-0.1306,0.06124,0.04865
acc,454001776694950000,-10.64637,-1.60093,-0.88481
gyr,45400177672396200,0.01291,-0.078,0.05259
acc,454001776746003000,-9.62714,0.69863,-0.6282
gyr,45400177677475400,-0.06781,-0.03648,-0.02438
acc,454001776797368000,-9.66557,-0.88256,-0.74319
gyr,45400177682595600,0.07655,-0.02155,0.00521
acc,454001776848339000,-9.86161,-0.00643,-0.67441
gyr,45400177687718200,0.01481,-0.01985,-0.02077
acc,454001776900331000,-9.80344,-0.06445,-0.66409
gyr,45400177692843900,-0.03405,-0.03465,0.00401
acc,454001776950816000,-9.81675,-0.25197,-0.57646
gyr,45400177697953400,-0.02521,-0.05468,-0.02787
acc,454001777002263000,-9.73719,-0.38535,-0.5171
gyr,45400177703072000,0.01102,-0.03692,-0.0058
acc,454001777053166000,-9.608,-0.28412,-0.5162
gyr,45400177708187000,0.02815,0.00733,-0.01979
acc,454001777104651000,-9.81077,-0.13772,-0.51949
gyr,45400177713281000,0.0088,0.00707,-0.02967
acc,454001777155673000,-9.82662,-0.23358,-0.62461
gyr,45400177718395200,-0.00715,-0.01007,-0.01348
acc,454001777206974000,-9.84471,-0.26199,-0.6439
gyr,45400177723520100,-0.00716,-0.02359,-0.01212
acc,454001777257980000,-9.71043,-0.33092,-0.63224
gyr,45400177728661200,0.0134,-0.0147,-0.00231
acc,454001777309373000,-9.77936,-0.23417,-0.58558
gyr,45400177733756500,0.00875,-0.00885,-0.02335
acc,454001777360401000,-9.74931,-0.29219,-0.62327
gyr,45400177738882400,0.0001,-0.00874,-0.00979
acc,454001777411950000,-9.82497,-0.29085,-0.65302
gyr,45400177743989400,0.00379,-0.02107,-0.01337
acc,454001777462779000,-9.70983,-0.34962,-0.6128
gyr,45400177749104800,0.01465,-0.02334,-0.0047
acc,454001777514127000,-9.7031,-0.26318,-0.5174
gyr,45400177754234600,0.01459,-0.00728,0.00008
acc,454001777565252000,-9.75903,-0.2901,-0.50827
gyr,45400177759349800,0.00367,0.00369,-0.0025
acc,454001777616828000,-9.7686,-0.28173,-0.59485
gyr,45400177764470200,0.00731,0.00863,-0.00255
acc,454001777667729000,-9.79626,-0.30132,-0.67187
gyr,45400177769586300,0.00733,0,-0.0037
acc,454001777719066000,-9.77667,-0.32016,-0.63314
gyr,45400177774709600,0.00495,-0.00254,-0.00861
acc,454001777770035000,-9.79536,-0.3384,-0.62357
gyr,45400177779868000,0.00112,-0.00725,0.00994
acc,454001777821912000,-9.73884,-0.33047,-0.64211
gyr,45400177784946600,0.01329,0.00143,0.00863
acc,454001777872516000,-9.73062,-0.28382,-0.67112
gyr,45400177790063500,0.01463,0.00619,-0.00498
acc,454001777923802000,-9.75215,-0.19754,-0.63358
gyr,45400177795182000,0.00493,0.00855,-0.00748
acc,454001777974756000,-9.76979,-0.23597,-0.69116
gyr,45400177800320800,-0.02052,0.00828,-0.0149
acc,454001778026176000,-9.72927,-0.33182,-0.7091
gyr,45400177805424200,-0.02298,0.01075,-0.01246
acc,454001778077144000,-12.77472,-8.37492,0.47792
gyr,45400177810549900,0.1987,0.00192,-0.05538
acc,454001778128635000,-9.83499,0.69385,-0.62117
gyr,45400177815658600,-0.10113,-0.00868,0.14683
acc,454001778179445000,-9.37113,0.02946,-0.68817
gyr,45400177820607900,-0.09567,0.00533,0.08501
acc,454001778230695000,-9.82019,-0.76697,-0.84189
gyr,45400177825740200,-0.00989,-0.01585,0.01742
acc,454001778281296000,-10.1547,-1.93365,-0.87658
gyr,45400177830823400,0.42565,-0.0406,-0.13745
acc,454001778333136000,-9.92217,1.72789,-0.59082
gyr,45400177836012500,-0.16889,0.01872,0.1132
acc,454001778384144000,-9.73361,-0.18049,-0.71987
gyr,45400177841129600,-0.0924,-0.08267,0.13028
acc,454001778435496000,-9.60635,-0.96929,-0.76129
gyr,45400177846245400,-0.00476,-0.04935,-0.00693
acc,454001778486495000,-9.74931,0.02916,-0.66394
gyr,45400177851362900,0.06323,-0.02416,0.00029
acc,454001778537990000,-9.66811,-0.16165,-0.64241
gyr,45400177856482700,0.039,0.00261,-0.00986
acc,454001778589030000,-9.90797,-0.03394,-0.68458
gyr,45400177861594000,-0.02412,-0.01394,-0.01839
acc,454001778640425000,-9.73989,-0.29264,-0.64241
gyr,45400177866714100,-0.01803,-0.01268,-0.01963
acc,454001778691377000,-9.67289,-0.32225,-0.62222
gyr,45400177871829300,0.02696,0.00852,-0.02227
acc,454001778742849000,-9.74153,-0.23612,-0.66215
gyr,45400177876955900,0.0257,0.02332,-0.01871
acc,454001778793820000,-9.83858,-0.14969,-0.73093
gyr,45400177882071100,-0.0035,-0.00391,-0.01477
acc,454001778845224000,-9.81675,-0.24494,-0.73961
gyr,45400177887204300,-0.01447,-0.01747,-0.01095
acc,454001778896284000,-9.77682,-0.31148,-0.68114
gyr,45400177892374900,0.01469,-0.02585,-0.00837
acc,454001778947727000,-9.81794,-0.20651,-0.6919
gyr,45400177897427000,0.01004,-0.01017,-0.03074
acc,454001778998623000,-9.77936,-0.22655,-0.70088
gyr,45400177902555200,-0.01441,-0.01386,-0.01715
acc,454001779049043000,-9.74034,-0.275,-0.73856
gyr,45400177907675400,-0.00224,-0.01133,-0.0184
acc,454001779100726000,-9.72807,-0.3695,-0.68981
gyr,45400177912784800,0.0087,-0.01248,-0.01838
acc,454001779151507000,-9.79551,-0.33033,-0.71
gyr,45400177917899200,0.01223,-0.00493,-0.00735
acc,454001779202485000,-9.73944,-0.30341,-0.72869
gyr,45400177923018300,0.00978,-0.01107,-0.00482
acc,454001779253902000,-9.73854,-0.33227,-0.76697
gyr,45400177928143200,0.01215,0.00255,-0.00001
acc,454001779305055000,-9.81421,-0.33062,-0.76787
gyr,45400177933281000,0.00982,-0.01358,-0.0085
acc,454001779356411000,-9.81585,-0.27395,-0.77789
gyr,45400177938375600,0.00615,-0.02219,-0.00595
acc,454001779407305000,-9.84157,-0.35844,-0.76817
gyr,45400177943492100,0.00489,-0.03321,-0.00091
acc,454001779458720000,-9.69966,-0.3707,-0.72779
gyr,45400177948602700,0.01699,-0.01706,0.00388
acc,454001779509877000,-9.75678,-0.35874,-0.66155
gyr,45400177953735800,0.02542,-0.01566,0.01251
acc,454001779561187000,-9.77637,-0.33062,-0.70013
gyr,45400177958864700,0.03504,-0.01301,0.02236
acc,454001779612039000,-9.74108,-0.24599,-0.69071
gyr,45400177963963600,0.02304,-0.00714,0.00626
acc,454001779663541000,-9.76112,-0.20771,-0.69131
gyr,45400177969087700,0.00362,-0.00363,0.00251
acc,454001779714507000,-9.73316,-0.19858,-0.67157
gyr,45400177974206000,-0.00716,0.0133,-0.01494
acc,454001779765904000,-9.79821,-0.23597,-0.73961
gyr,45400177979325000,-0.01443,0.00215,-0.01607
acc,454001779816852000,-9.76127,-0.19963,-0.79688
gyr,45400177984436400,-0.02027,0.01041,-0.04084
acc,454001779868459000,-9.77144,-0.49317,-0.8048
gyr,45400177989561000,-0.00101,-0.00397,-0.02094
acc,454001779919430000,-9.72688,-0.40928,-0.82394
gyr,45400177994678800,0.31837,-0.07192,0.26378
acc,454001779970955000,-8.49395,2.01126,-0.38326
gyr,45400177999787600,-0.04408,0.096,0.02494
acc,454001780022214000,-10.49699,-0.8854,-0.91666
gyr,45400178004919200,-0.01799,-0.06315,-0.02038
acc,454001780073182000,-9.75454,0.21653,-0.78043
gyr,45400178010097000,-0.09435,-0.01603,-0.04681
acc,454001780124089000,-9.6563,-0.23014,-0.76667
gyr,45400178015168100,0.12854,-0.0159,0.03357
acc,454001780175553000,-8.82353,1.96984,-0.483
gyr,45400178020277600,-0.06857,0.05391,-0.07708
acc,454001780226504000,-10.16621,-1.20631,-0.98709
gyr,45400178025387600,-0.01694,-0.02973,-0.0059
acc,454001780277890000,-9.81525,0.02856,-0.80869
gyr,45400178030845800,-0.06474,-0.03605,-0.08854
acc,454001780328899000,-9.73196,-0.55119,-0.83262
gyr,45400178035531800,0.03538,-0.03435,-0.01074
acc,454001780380254000,-9.73017,-0.29489,-0.77669
gyr,45400178040643200,-0.00114,-0.01855,-0.00599
acc,454001780431294000,-9.84651,-0.18842,-0.7885
gyr,45400178045757000,-0.03766,-0.02489,-0.00102
acc,454001780482692000,-9.84322,-0.30146,-0.7589
gyr,45400178050875000,-0.04985,-0.05322,0.00418
acc,454001780533667000,-9.72688,-0.40838,-0.76637
gyr,45400178055990400,-0.04265,-0.04812,0.014
acc,454001780585075000,-9.68889,-0.41765,-0.69848
gyr,45400178061105600,0.0122,-0.02456,-0.00222
acc,454001780636088000,-9.68276,-0.30356,-0.65123
gyr,45400178066225200,0.03426,-0.00989,-0.02209
acc,454001780687515000,-9.76875,-0.27365,-0.68129
gyr,45400178071345400,0.00739,0.00116,-0.00988
acc,454001780738622000,-9.77787,-0.27455,-0.75815
gyr,45400178076458600,-0.00605,-0.00377,-0.00244
acc,454001780789990000,-9.76516,-0.38894,-0.79568
gyr,45400178081583800,0.01096,-0.01717,-0.00106
acc,454001780841721000,-9.73749,-0.36935,-0.69953
gyr,45400178086702600,0.03046,-0.0134,-0.00601
acc,454001780892404000,-9.80613,-0.28337,-0.76817
gyr,45400178091831300,0.01593,-0.01604,-0.01217
acc,454001780943458000,-9.77637,-0.33047,-0.69056
gyr,45400178096951500,0.0145,-0.01208,0.01
acc,454001780994822000,-9.75798,-0.31253,-0.73856
gyr,45400178102058500,0.01586,-0.00857,-0.00484
acc,454001781045760000,-9.75843,-0.29369,-0.74828
gyr,45400178107192000,0.0098,-0.0197,-0.00597
acc,454001781097305000,-9.70056,-0.34214,-0.73766
gyr,45400178112343600,0.00609,-0.00613,-0.00117
acc,454001781148160000,-9.74527,-0.42633,-0.72794
gyr,45400178117419200,0.02183,-0.00347,0.00499
acc,454001781199801000,-9.75544,-0.39792,-0.7571
gyr,45400178122536400,0.03513,-0.00329,0.0124
acc,454001781250572000,-9.73854,-0.33212,-0.75725
gyr,45400178127651900,0.02786,-0.01197,0.01124
acc,454001781301955000,-9.75065,-0.23821,-0.81572
gyr,45400178132781700,0.02676,-0.00229,-0.00119
acc,454001781352931000,-9.75843,-0.29459,-0.806
gyr,45400178137915800,0.02664,-0.01198,0.01124
acc,454001781404360000,-9.79701,-0.2741,-0.75845
gyr,45400178143010300,0.02434,-0.01217,-0.00233
acc,454001781455497000,-9.73017,-0.29474,-0.76712
gyr,45400178148125400,0.03039,-0.02069,0.00146
acc,454001781506742000,-9.76097,-0.20845,-0.74888
gyr,45400178153245000,0.02439,-0.01469,-0.00724
acc,454001781559750000,-9.74841,-0.31328,-0.76727
gyr,45400178158377400,0.01577,-0.00107,0.00372
acc,454001781609099000,-9.82602,-0.24554,-0.79733
gyr,45400178163492800,0.02064,-0.0158,0.00387
acc,454001781660067000,-9.75185,-0.20008,-0.80645
gyr,45400178168605200,0.02195,-0.01961,-0.00596
acc,454001781711534000,-9.79821,-0.23597,-0.72989
gyr,45400178173724800,-0.00481,-0.03084,-0.00341
acc,454001781762484000,-9.60919,-0.23148,-0.78521
gyr,45400178178852700,-0.00707,-0.00772,-0.02214
acc,454001781813867000,-9.66362,-0.30535,-0.75665
gyr,45400178183959200,-0.00585,0.0095,-0.02354
acc,454001781864852000,-9.76635,-0.35141,-0.81497
gyr,45400178189082900,0.10864,-0.02072,-0.04413
acc,454001781916239000,-9.05501,0.20277,-0.63732
gyr,45400178194202800,0.21902,0.04643,-0.1471
acc,454001781967264000,-10.8306,-0.79299,-0.93086
gyr,45400178199321000,0.02568,-0.05412,-0.01179
acc,454001782018662000,-9.4927,0.95883,-0.75336
gyr,45400178204439300,-0.14965,0.00648,0.01215
acc,454001782069616000,-9.79507,-0.66274,-0.80391
gyr,45400178209561400,0.03194,-0.01128,-0.03318
acc,454001782121043000,-9.09957,1.08309,-0.69175
gyr,45400178214679200,0.13969,0.00201,-0.11219
acc,454001782172173000,-10.24995,-1.25102,-0.93983
gyr,45400178219797300,-0.00803,-0.03879,-0.04528
acc,454001782223950000,-9.62833,0.74469,-0.70551
gyr,45400178224919000,-0.12852,-0.02839,-0.03191
acc,454001782274539000,-9.82497,-0.91815,-0.83142
gyr,45400178230038800,0.02334,-0.02475,-0.02318
acc,454001782325947000,-9.69846,-0.40943,-0.79478
gyr,45400178235164800,0.02193,-0.01466,-0.00354
acc,454001782376101000,-9.77249,-0.14236,-0.76862
gyr,45400178240277300,0.01453,-0.01089,0.00629
acc,454001782427508000,-9.79746,-0.25616,-0.82589
gyr,45400178245396900,0.00376,-0.02717,-0.0096
acc,454001782478680000,-9.79297,-0.40793,-0.83441
gyr,45400178250523500,0.03768,-0.04031,0.00289
acc,454001782529950000,-9.65345,-0.33376,-0.72734
gyr,45400178255627800,0.0632,-0.01183,0.00263
acc,454001782580892000,-9.81181,-0.09361,-0.7405
gyr,45400178260746900,0.03283,-0.017,0.00019
acc,454001782632721000,-9.69757,-0.11544,-0.76787
gyr,45400178265871900,-0.012,-0.01135,-0.01471
acc,454001782682504000,-9.78684,-0.29399,-0.8063
gyr,45400178270993600,-0.01935,-0.00642,-0.00982
acc,454001782734059000,-9.7351,-0.44666,-0.81407
gyr,45400178276119200,0.01596,-0.01853,-0.01461
acc,454001782783547000,-9.7689,-0.26632,-0.82529
gyr,45400178281228000,0.01595,-0.01729,-0.01339
acc,454001782834880000,-9.75933,-0.26528,-0.74843
gyr,45400178286401700,0.00017,-0.02112,-0.01584
acc,454001782885860000,-9.74677,-0.3704,-0.78611
gyr,45400178291490100,0.01707,-0.01962,-0.0035
acc,454001782937257000,-9.71028,-0.3239,-0.79553
gyr,45400178296588300,0.0268,-0.00726,-0.00484
acc,454001782988363000,-9.75933,-0.26588,-0.78686
gyr,45400178301707400,0.01829,-0.00855,-0.00484
acc,454001783039659000,-9.74841,-0.31328,-0.76727
gyr,45400178309963800,0.01339,-0.00977,-0.00113
acc,454001783102496000,-9.73076,-0.27619,-0.79598
gyr,45400178311882800,0.00975,-0.00612,-0.0024
acc,454001783141947000,-9.77727,-0.29459,-0.82529
gyr,45400178317044000,0.00498,-0.01241,-0.01098
acc,454001783192819000,-9.76576,-0.36935,-0.74783
gyr,45400178322388200,0.02189,-0.00723,0.00009
acc,454001783245313000,-9.75738,-0.33272,-0.82484
gyr,45400178327294600,0.02681,-0.0085,-0.00607
acc,454001783295163000,-9.69129,-0.32539,-0.86252
gyr,45400178332613600,0.03882,-0.00454,0.00871
acc,454001783346614000,-9.74108,-0.23866,-0.83486
gyr,45400178337514600,0.02931,-0.00243,-0.01353
acc,454001783397557000,-9.74168,-0.21982,-0.84458
gyr,45400178342629200,0.00866,-0.00751,-0.01473
acc,454001783448966000,-9.78849,-0.23672,-0.77789
gyr,45400178347751000,-0.01922,-0.01396,-0.02209
acc,454001783499998000,-9.70175,-0.29563,-0.78596
gyr,45400178352867200,-0.02528,-0.00296,-0.02467
acc,454001783551366000,-9.77428,-0.38969,-0.8534
gyr,45400178357987200,-0.00591,-0.00026,-0.01728
acc,454001783601624000,-9.79252,-0.42648,-0.81497
gyr,45400178363113000,0.04175,-0.0273,-0.04042
acc,454001783652872000,-9.23371,0.49885,-0.73751
gyr,45400178368230000,0.11212,0.0505,-0.15463
acc,454001783703816000,-10.47979,-0.82933,-0.9358
gyr,45400178373349000,0.01476,-0.01733,-0.01586
acc,454001783755384000,-9.63701,0.71568,-0.76293
gyr,45400178378466800,-0.12589,-0.0151,-0.05301
acc,454001783806252000,-9.72747,-0.70372,-0.89871
gyr,45400178383583400,-0.02413,0.00452,-0.01857
acc,454001783857590000,-9.19318,0.41167,-0.80376
gyr,45400178388707000,0.12693,0.02327,-0.17533
acc,454001783908579000,-10.48218,-0.75306,-0.90753
gyr,45400178393831200,-0.02879,-0.03021,-0.03675
acc,454001783959974000,-9.68022,0.58409,-0.76263
gyr,45400178398949000,-0.11143,-0.03205,-0.03926
acc,454001784011291000,-9.71147,-0.93116,-0.89692
gyr,45400178404056600,0.03538,-0.02081,-0.01087
acc,454001784062376000,-9.76695,-0.3233,-0.83456
gyr,45400178409188000,0.04023,-0.00232,-0.01105
acc,454001784113355000,-9.74557,-0.08733,-0.84548
gyr,45400178414298800,-0.00843,0.00475,-0.00869
acc,454001784164756000,-9.85264,-0.30236,-0.83576
gyr,45400178419419600,-0.02066,-0.02966,0.0015
acc,454001784215732000,-9.72523,-0.45743,-0.8715
gyr,45400178424539800,0.03043,-0.02812,-0.00217
acc,454001784267195000,-9.69936,-0.3722,-0.83351
gyr,45400178429655800,0.04868,-0.01572,-0.00474
acc,454001784318184000,-9.76052,-0.21967,-0.86417
gyr,45400178434779200,0.01464,-0.01473,-0.00478
acc,454001784369636000,-9.73361,-0.17346,-0.88316
gyr,45400178439912400,-0.01323,-0.00888,-0.0135
acc,454001784420972000,-9.80479,-0.3233,-0.89273
gyr,45400178445017400,-0.00466,-0.01259,-0.01962
acc,454001784472134000,-9.77383,-0.40883,-0.86297
gyr,45400178450133600,0.00871,-0.02356,-0.01827
acc,454001784523049000,-9.73914,-0.3055,-0.87269
gyr,45400178455252000,0.01108,-0.02469,-0.01209
acc,454001784574497000,-9.73794,-0.35201,-0.81467
gyr,45400178460272600,0.01102,-0.02584,-0.00591
acc,454001784625432000,-9.69861,-0.40046,-0.83322
gyr,45400178465398000,0.01954,-0.00982,-0.00853
acc,454001784676809000,-9.72882,-0.34274,-0.81467
gyr,45400178470524200,0.01708,-0.00488,-0.00611
acc,454001784727766000,-9.78505,-0.35156,-0.8537
gyr,45400178475670800,0.01587,-0.01596,-0.006
acc,454001784778329000,-9.79402,-0.37085,-0.88271
gyr,45400178480749100,0.01455,-0.01337,0.00508
acc,454001784829188000,-9.73749,-0.36173,-0.83396
gyr,45400178485865300,0.01815,-0.00468,0.0087
acc,454001784880592000,-9.77518,-0.36173,-0.88241
gyr,45400178490985600,0.02787,-0.01321,0.01002
acc,454001784931567000,-9.74871,-0.30431,-0.80585
gyr,45400178496100600,0.01707,-0.00856,-0.00484
acc,454001784982947000,-9.7668,-0.33347,-0.88241
gyr,45400178501136300,0.00849,-0.0036,0.00251
acc,454001785033964000,-9.76501,-0.39044,-0.89183
gyr,45400178506248800,0.02425,-0.00467,0.00623
acc,454001785085328000,-9.83095,-0.39941,-0.95957
gyr,45400178511364600,0.03885,-0.02549,0.00645
acc,454001785136309000,-9.75963,-0.24793,-0.85415
gyr,45400178516490400,0.01936,-0.02679,0.01138
acc,454001785187699000,-9.77802,-0.26662,-0.85415
gyr,45400178521605900,0.00975,-0.02333,-0.001
acc,454001785238774000,-9.67245,-0.33436,-0.80465
gyr,45400178526724300,0.01588,-0.00244,-0.00737
acc,454001785290091000,-9.71342,-0.21952,-0.78671
gyr,45400178531843200,0.00869,-0.0051,-0.01845
acc,454001785341084000,-9.8148,-0.30356,-0.85445
gyr,45400178536963000,-0.00708,-0.01755,-0.02081
acc,454001785392465000,-9.76755,-0.30446,-0.84428
gyr,45400178542176800,-0.0155,-0.02018,-0.02943
acc,454001785443451000,-9.78385,-0.38954,-0.86327
gyr,45400178547210800,-0.00825,-0.01883,-0.0245
acc,454001785494795000,-9.64119,-0.42094,-0.85146
gyr,45400178552360400,0.00021,0.00096,-0.02099
acc,454001785545831000,-9.77323,-0.42797,-0.88196
gyr,45400178557439500,0.18881,-0.04186,0.08693
acc,454001785597185000,-9.09658,0.65781,-0.65048
gyr,45400178562559400,0.14988,0.02854,-0.16056
acc,454001785648154000,-10.59419,-0.79807,-0.91845
gyr,45400178567675400,-0.00493,-0.04667,0.01032
acc,454001785699537000,-9.51977,0.59007,-0.76084
gyr,45400178572793000,-0.13814,0.0169,-0.04593
acc,454001785750515000,-9.67095,-0.69519,-0.87897
gyr,45400178577911800,0.26155,-0.05183,0.23022
acc,454001785801980000,-8.56573,2.20147,-0.43351
gyr,45400178583028600,0.08656,0.08233,-0.15373
acc,454001785852979000,-10.36091,-1.65791,-1.1115
gyr,45400178588166400,-0.00758,-0.00583,0.02966
acc,454001785904353000,-9.82168,0.57497,-0.94686
gyr,45400178593273000,-0.15724,-0.02181,-0.07889
acc,454001785955454000,-9.77054,-0.83665,-0.99442
gyr,45400178598386500,0.0329,-0.03307,-0.00582
acc,454001786006700000,-9.81017,-0.45668,-0.94955
gyr,45400178603509200,0.04861,-0.04391,0.00417
acc,454001786057715000,-9.70789,-0.08793,-0.82589
gyr,45400178608626900,0.00983,-0.03204,-0.00832
acc,454001786109046000,-9.75948,-0.2566,-0.8063
gyr,45400178613744400,-0.00591,-0.0433,-0.01439
acc,454001786160052000,-9.67947,-0.41018,-0.81363
gyr,45400178618878800,0.01594,-0.02466,-0.01209
acc,454001786211449000,-9.6228,-0.41078,-0.77475
gyr,45400178623991200,0.04641,0.0025,-0.0222
acc,454001786262409000,-9.8338,-0.30296,-0.84518
gyr,45400178629108800,0.02088,0.00355,-0.02223
acc,454001786313880000,-9.8154,-0.28487,-0.87374
gyr,45400178634232800,0.00626,-0.01494,-0.01712
acc,454001786364777000,-9.76456,-0.40853,-0.83396
gyr,45400178639345300,0.00739,-0.02344,-0.0084
acc,454001786416177000,-9.7363,-0.40853,-0.79523
gyr,45400178644461800,0.02682,-0.02573,-0.0059
acc,454001786467145000,-9.71895,-0.35171,-0.76652
gyr,45400178649604000,0.01578,-0.00847,0.00256
acc,454001786518536000,-9.73734,-0.37055,-0.78596
gyr,45400178654700400,0.01091,-0.00603,0.00377
acc,454001786569558000,-9.72792,-0.37145,-0.82424
gyr,45400178659818100,0.01698,0.00017,0.00371
acc,454001786621385000,-9.73959,-0.29503,-0.8057
gyr,45400178664939000,0.0002,0.00466,-0.02102
acc,454001786672056000,-9.75693,-0.34333,-0.90155
gyr,45400178670053000,-0.0024,0.01224,-0.00382
acc,454001786723379000,-9.80209,-0.4181,-0.9014
gyr,45400178675173300,0.01332,-0.00353,0.00498
acc,454001786774302000,-9.76277,-0.46685,-0.93909
gyr,45400178680290400,0.03038,-0.01575,0.00265
acc,454001786825710000,-9.73854,-0.32494,-0.9014
gyr,45400178685423400,0.02908,-0.01811,0.0113
acc,454001786876689000,-9.71162,-0.27784,-0.88226
gyr,45400178690538100,0.01346,-0.01355,-0.00849
acc,454001786928076000,-9.72718,-0.39089,-0.86252
gyr,45400178695654200,0.01453,-0.00597,0.00624
acc,454001786979040000,-9.73839,-0.33421,-0.89183
gyr,45400178700794100,0.01101,-0.01354,-0.00603
acc,454001787030454000,-9.75723,-0.33391,-0.90155
gyr,45400178705789400,0.01222,-0.0123,-0.00604
acc,454001787081428000,-9.80374,-0.36128,-0.90185
gyr,45400178710902100,0.01108,-0.02346,-0.0121
acc,454001787132839000,-9.76531,-0.38087,-0.89183
gyr,45400178716023400,0.00735,-0.01724,-0.00476
acc,454001787183782000,-9.7188,-0.35305,-0.8528
gyr,45400178721141700,0.01109,-0.01855,-0.01338
acc,454001787235182000,-9.78579,-0.32345,-0.87314
gyr,45400178726257900,-0.00223,-0.01503,-0.0196
acc,454001787286147000,-9.76456,-0.40928,-0.88196
gyr,45400178731375300,-0.00954,-0.01015,-0.01842
acc,454001787337615000,-9.70101,-0.31552,-0.84338
gyr,45400178736498400,-0.02658,-0.00285,-0.01603
acc,454001787388712000,-9.69099,-0.34333,-0.8048
gyr,45400178741613600,-0.03492,-0.00067,-0.03334
acc,454001787440022000,-9.83021,-0.42693,-0.90185
gyr,45400178746730800,0.20713,-0.05413,0.07966
acc,454001787490964000,-9.19767,0.87778,-0.64345
gyr,45400178751799200,-0.05226,0.04511,-0.00418
acc,454001787542363000,-9.86281,-0.60592,-0.90096
gyr,45400178756900600,-0.08088,-0.02679,0.06682
acc,454001787593417000,-9.76441,-0.72301,-0.9663
gyr,45400178762018200,-0.00962,-0.00021,-0.01111
acc,454001787644753000,-9.77323,-0.10692,-0.93206
gyr,45400178767143200,0.29688,-0.09348,0.22572
acc,454001787695713000,-8.75011,1.73776,-0.69175
gyr,45400178772301200,0.06136,0.04517,-0.06208
acc,454001787747148000,-10.30782,-1.21334,-1.03703
gyr,45400178777377000,-0.02849,-0.05731,0.05729
acc,454001787798121000,-9.62758,0.08075,-0.82604
gyr,45400178782493500,-0.07449,-0.02626,-0.08741
acc,454001787849605000,-9.7692,-0.56106,-0.90993
gyr,45400178787610500,0.05488,-0.02197,-0.01578
acc,454001787900579000,-9.6726,-0.31732,-0.91995
gyr,45400178792731400,0.02574,0.00482,-0.02224
acc,454001787951972000,-9.85652,-0.17077,-0.89438
gyr,45400178797857800,-0.04385,-0.02356,0.01006
acc,454001788002979000,-9.80179,-0.42722,-0.88226
gyr,45400178802970800,-0.01454,-0.03336,-0.00216
acc,454001788054379000,-9.69278,-0.59949,-0.83187
gyr,45400178808091000,0.04985,-0.01688,0.0002
acc,454001788105491000,-9.70071,-0.32509,-0.85295
gyr,45400178813212000,0.062,0.00167,0.00003
acc,454001788156764000,-9.77996,-0.20068,-0.88346
acc,454001788219927000,-9.75858,-0.28621,-0.88286
gyr,45400178818364600,0.01469,-0.00987,-0.00976
gyr,45400178824683400,-0.01327,-0.01376,-0.00975
acc,454001788263179000,-9.79237,-0.42722,-0.86312
gyr,45400178828488300,-0.00705,-0.02127,-0.02324
acc,454001788309934000,-9.69712,-0.44816,-0.85206
gyr,45400178833595200,0.00498,-0.00012,-0.01233
acc,454001788359649000,-9.75454,-0.4193,-0.91068
gyr,45400178838729500,0.01103,-0.00619,-0.00857
acc,454001788411393000,-9.76381,-0.42857,-0.91068
gyr,45400178843867400,0.02196,-0.02453,-0.00591
acc,454001788462728000,-9.74721,-0.35276,-0.87239
gyr,45400178848961800,0.0158,-0.01833,0.00142
acc,454001788513705000,-9.77578,-0.34274,-0.88256
gyr,45400178854120000,0.01958,-0.01479,-0.01218
acc,454001788565114000,-9.72538,-0.44876,-0.92922
gyr,45400178859199200,0.02309,-0.01213,0.00137
acc,454001788616132000,-9.72837,-0.3535,-0.89153
gyr,45400178864217600,0.01103,-0.00003,-0.00863
acc,454001788667548000,-9.82363,-0.32285,-0.89303
gyr,45400178869334900,-0.00224,-0.02117,-0.0183
acc,454001788718526000,-9.64194,-0.39268,-0.86148
gyr,45400178874453900,-0.00719,-0.00879,-0.00979
acc,454001788769939000,-9.74273,-0.50439,-0.88107
gyr,45400178879570600,0.0098,-0.00495,-0.00735
acc,454001788820878000,-9.69667,-0.46745,-0.88077
gyr,45400178884689200,0.03047,-0.0048,-0.00733
acc,454001788872488000,-9.75424,-0.42887,-0.92025
gyr,45400178889805400,0.03037,-0.00837,0.00257
acc,454001788923385000,-9.75574,-0.38072,-0.87239
gyr,45400178894921700,0.02422,-0.00955,0.00998
acc,454001788974792000,-9.80329,-0.37115,-0.92114
gyr,45400178900048600,0.00729,-0.01839,0.00142
acc,454001789025761000,-9.67977,-0.39223,-0.88107
gyr,45400178905164800,0.01578,-0.00724,0.00255
acc,454001789077184000,-9.77607,-0.33317,-0.87284
gyr,45400178910279600,0.00256,-0.00506,-0.01229
acc,454001789128243000,-9.70938,-0.35395,-0.90081
gyr,45400178915400300,-0.02281,0.00684,-0.0297
acc,454001789179640000,-9.7363,-0.40106,-0.92967
gyr,45400178920529000,-0.01322,0.00585,-0.01611
acc,454001789231920000,-9.75349,-0.44921,-1.00653
gyr,45400178925648200,0.28147,-0.0904,0.18619
acc,454001789282036000,-9.03856,1.26149,-0.69205
gyr,45400178930762400,-0.05277,0.03224,0.04776
acc,454001789333120000,-9.90991,-0.60487,-0.90155
gyr,45400178935885200,-0.04782,-0.04899,0.04486
acc,454001789384513000,-9.77368,-0.40973,-0.92054
gyr,45400178940999200,-0.07254,-0.00594,-0.03949
acc,454001789435486000,-9.3958,-5.17156,-2.33426
gyr,45400178946115400,0.59697,-0.09728,0.24451
acc,454001789486848000,-8.54808,2.57696,-0.59889
gyr,45400178951241200,-0.13516,0.08417,0.01635
acc,454001789537841000,-10.10849,-1.24489,-0.94791
gyr,45400178956356600,-0.05724,-0.0528,0.13743
acc,454001789589337000,-9.61996,-0.499,-0.96615
gyr,45400178961472400,-0.05991,-0.02491,-0.08618
acc,454001789640297000,-9.7342,-0.47642,-0.90036
gyr,45400178966593700,0.05228,-0.00948,0.00013
acc,454001789691671000,-9.67035,-0.39373,-0.9675
gyr,45400178971710900,0.03643,-0.00216,0.00375
acc,454001789742672000,-9.98019,-0.13997,-0.91531
gyr,45400178976836600,-0.01948,-0.04805,0.00662
acc,454001789794076000,-9.68904,-0.4021,-0.92907
gyr,45400178981952100,-0.00843,-0.03829,-0.00581
acc,454001789845009000,-9.6557,-0.57272,-0.89871
gyr,45400178987066200,0.03762,-0.02056,0.00763
acc,454001789896486000,-9.73032,-0.28726,-0.90155
gyr,45400178992229900,0.03407,-0.01825,-0.00226
acc,454001789947504000,-9.76306,-0.13488,-0.89363
gyr,45400178997310900,-0.01421,-0.00551,-0.03821
acc,454001789999326000,-9.7665,-0.34304,-0.89213
gyr,45400179002433800,-0.03862,-0.00556,-0.02836
acc,454001790049843000,-9.80912,-0.49422,-0.92997
gyr,45400179007545600,0.00388,-0.01748,-0.02204
acc,454001790101321000,-9.73121,-0.57123,-0.90933
gyr,45400179012666400,0.03302,-0.02584,-0.01823
acc,454001790152174000,-9.74437,-0.44771,-0.89124
gyr,45400179017779200,0.03398,-0.02674,0.00769
acc,454001790203608000,-9.77428,-0.38954,-0.84383
gyr,45400179022901800,0.02926,-0.03556,-0.0058
acc,454001790259488000,-9.7692,-0.56121,-0.9195
gyr,45400179028037600,0.05214,-0.03144,0.01515
acc,454001790306227000,-9.69114,-0.33511,-0.88152
gyr,45400179033146800,0.03025,-0.00821,0.01491
acc,454001790358960000,-9.74004,-0.27754,-0.9017
gyr,45400179038264400,0.00245,-0.01846,-0.00105
acc,454001790408259000,-9.79297,-0.40868,-0.88241
gyr,45400179043381400,-0.00835,-0.01625,-0.01466
acc,454001790459191000,-9.74288,-0.50349,-0.8235
gyr,45400179048498000,0.01833,-0.01598,-0.00847
acc,454001790510747000,-9.66691,-0.515,-0.85131
gyr,45400179053624600,0.05108,-0.00213,-0.00241
acc,454001790561574000,-9.74497,-0.42797,-0.84323
gyr,45400179058751300,0.04489,0.00781,0.0086
acc,454001790612998000,-9.68276,-0.30266,-0.59366
gyr,45400179063862500,0.00355,-0.02321,0.01133
acc,454001790664022000,-9.7831,-0.12471,-0.24075
gyr,45400179068961600,-0.1016,0.01091,-0.05325
acc,454001790715422000,-8.5759,-0.67426,-0.37608
gyr,45400179074089300,-0.11265,0.25566,-0.05933
acc,454001790766548000,-9.04215,-0.85445,-1.09102
gyr,45400179079205400,0.01043,0.49379,0.01619
acc,454001790817755000,-9.48209,-0.32479,-1.76243
gyr,45400179084323100,0.07354,0.53249,0.0245
acc,454001790868735000,-9.60994,0.49108,-1.80789
gyr,45400179089438200,0.23302,0.64308,0.1161
acc,454001790920224000,-9.09359,0.61878,-1.98479
gyr,45400179094558600,0.26476,0.71309,-0.39415
acc,454001790971171000,-13.69153,-4.63039,-3.59978
gyr,45400179099675600,0.32142,0.23572,0.54828
acc,454001791023004000,-9.39027,0.78432,-2.73831
gyr,45400179104810000,0.26544,0.36307,0.9147
acc,454001791073530000,-12.38787,2.08214,-2.1113
gyr,45400179109985200,0.42692,-0.78621,0.64713
acc,454001791124943000,-15.27093,2.43355,-2.55198
gyr,45400179115039800,-0.27888,-2.2709,-0.15709
acc,454001791175969000,-9.63192,0.57347,-1.38605
gyr,45400179120158700,-0.16196,-1.14832,-0.01366
acc,454001791227299000,-10.02386,0.32285,0.22356
gyr,45400179125276200,-0.58804,-1.23893,0.54582
acc,454001791278275000,-9.8483,-0.07238,-1.88386
gyr,45400179130405000,0.17723,0.28192,0.00604
acc,454001791329648000,-10.02879,2.67924,1.4656
gyr,45400179135529200,-0.36458,0.2822,-0.15481
acc,454001791380668000,-12.6032,3.80525,0.74514
gyr,45400179140644200,-0.81092,-0.02027,-0.85061
acc,454001791432084000,-11.64662,3.67874,1.92902
gyr,45400179145758700,-1.69661,-1.25286,-1.18485
acc,454001791483048000,-9.16956,2.13044,0.23178
gyr,45400179150875000,-1.54116,-1.65868,-1.63239
acc,454001791536628000,-5.24304,0.62117,2.02726
gyr,45400179156019800,-1.63709,-1.74386,-1.0221
acc,454001791585440000,-5.2695,0.81183,3.34094
gyr,45400179161114200,-2.54143,-1.70898,-0.29766
acc,454001791636824000,-4.96669,-0.76054,2.42368
gyr,45400179166241600,-2.88362,-1.55489,0.48901
acc,454001791687995000,-5.35713,-1.29453,2.21134
gyr,45400179171350000,-2.60178,-0.813,0.70167
acc,454001791739339000,-6.38235,-1.43465,1.43181
gyr,45400179176368700,-2.47065,-0.97248,1.34371
acc,454001791790185000,-6.58333,-1.37573,1.89926
gyr,45400179181491100,-2.1701,-0.45609,1.52402
acc,454001791841008000,-6.835,-1.13453,1.1939
gyr,45400179186606500,-1.98966,-0.02446,1.68655
acc,454001791891995000,-7.62709,-0.19156,0.4193
gyr,45400179191726200,-1.87177,0.50914,1.77401
acc,454001791943386000,-9.06922,0.0652,-1.01101
gyr,45400179196840900,-1.29,0.72719,1.56631
acc,454001791994359000,-10.27657,1.26537,-1.02432
gyr,45400179201960600,-0.88723,1.30114,0.99472
acc,454001792045736000,-11.40019,0.59605,-1.28302
gyr,45400179207080100,-0.77514,1.48311,0.34155
acc,454001792096734000,-11.77343,0.48495,-2.29478
gyr,45400179212240700,-1.08665,0.83701,0.4179
acc,454001792148267000,-10.86096,-0.01122,-2.47258
gyr,45400179217319600,-0.77792,0.54449,0.56659
acc,454001792199172000,-10.77542,0.63493,-2.79274
gyr,45400179222433200,-0.29356,0.6505,0.5055
acc,454001792250531000,-11.15674,1.34747,-1.9187
gyr,45400179227495200,-0.15019,0.32454,0.53593
acc,454001792301540000,-11.72513,2.354,-1.92274
gyr,45400179232621000,-0.11171,0.29529,0.82621
acc,454001792352895000,-12.24447,2.98983,-1.95249
gyr,45400179237744300,-0.01981,0.30627,0.38321
acc,454001792403936000,-11.28953,3.29951,-1.96206
gyr,45400179242857200,0.1212,0.207,0.14492
acc,454001792455429000,-10.05616,2.81158,-1.72296
gyr,45400179247972600,0.07919,-0.3445,0.25265
acc,454001792506281000,-8.75773,2.34398,-1.30081
gyr,45400179253094200,-0.01296,-0.17789,0.3398
acc,454001792557721000,-9.85847,2.47931,-0.87344
gyr,45400179258216800,0.20578,0.20614,0.32021
acc,454001792608672000,-9.67454,3.61234,-0.78267
gyr,45400179263355800,0.16887,0.34348,0.10909
acc,454001792660083000,-14.46104,4.07426,-1.13199
gyr,45400179268453500,0.19918,0.02064,-0.22831
acc,454001792711139000,-8.16108,1.93784,-0.34977
gyr,45400179273572200,0.1267,0.23225,-0.28965
acc,454001792762510000,-9.38758,1.89059,-0.93116
gyr,45400179278687600,0.0049,-0.32776,-0.22632
acc,454001792813494000,-9.24971,2.3202,-0.47119
gyr,45400179283838800,0.08203,-0.15735,-0.41669
acc,454001792865280000,-9.79746,1.71862,-1.6455
gyr,45400179288981400,-0.003,-0.32737,-0.28802
acc,454001792915222000,-9.04724,2.16169,-0.01675
gyr,45400179294092200,0.0133,-0.15589,-0.84245
gyr,45400179302789000,0.14833,0.42173,-0.40128
acc,454001793031705000,-10.3005,1.12122,-1.20586
acc,454001793026040000,-10.62394,1.45364,0.24718
gyr,45400179304262600,0.1438,0.10015,-0.04281
acc,454001793067123000,-9.84262,-0.00912,-0.82798
gyr,45400179309213400,0.03938,-0.11312,0.08257
acc,454001793117435000,-9.99021,0.87314,-1.51734
gyr,45400179314465200,-0.15078,-0.4261,0.15701
acc,454001793169411000,-9.00118,2.1928,0.23343
gyr,45400179319486600,-0.10674,0.23611,-0.53295
acc,454001793223312000,-9.50302,0.68607,-1.26986
gyr,45400179324563900,-0.31942,0.06821,-0.64995
acc,454001793271763000,-8.73426,1.16175,0.04172
gyr,45400179329624600,-0.10832,-0.3724,-0.57516
acc,454001793322713000,-10.16906,-1.06021,-1.98674
gyr,45400179334723600,0.03733,0.11753,0.02727
acc,454001793376590000,-9.67723,0.15866,-0.75979
gyr,45400179339806000,0.12638,0.08088,-0.00068
acc,454001793424130000,-9.71955,0.34677,-1.49147
gyr,45400179344918100,0.011,-0.06271,-0.00185
acc,454001793475512000,-9.68172,0.00239,-1.07576
gyr,45400179349934400,0.01705,-0.02451,-0.00098
acc,454001793526483000,-9.76725,0.02318,-1.08653
gyr,45400179355053600,0.0123,-0.01854,-0.01338
acc,454001793577876000,-9.73959,0.04127,-1.08623
gyr,45400179360175200,0.01826,-0.01711,-0.00105
acc,454001793628911000,-9.76725,0.02333,-1.07696
gyr,45400179365293000,0.01092,-0.01956,0.0039
acc,454001793680253000,-9.74123,0.0981,-1.08668
gyr,45400179370412200,0.01828,-0.01592,-0.00353
acc,454001793731284000,-9.74976,0.06983,-1.10567
gyr,45400179375537900,0.01339,-0.01838,-0.00104
acc,454001793782657000,-9.74078,0.07985,-1.03868
gyr,45400179380647800,0.0073,-0.01472,0.00015
acc,454001793833643000,-9.74916,0.04202,-1.05767
gyr,45400179385761200,0.02067,-0.01339,0.00015
acc,454001793885032000,-9.72209,0.08897,-1.03853
gyr,45400179390881000,0.01583,-0.02082,-0.00102
acc,454001793936017000,-9.75843,0.04142,-1.11539
gyr,45400179395998100,0.01461,-0.0196,-0.00103
acc,454001793987579000,-9.74961,0.06041,-1.10567
gyr,45400179401117400,0.01218,-0.01839,-0.00105
acc,454001794038510000,-9.69383,0.09735,-1.06694
gyr,45400179406235000,0.01462,-0.0147,-0.00231
acc,454001794089838000,-9.74961,0.06056,-1.0961
gyr,45400179411356200,0.01826,-0.01958,-0.00103
acc,454001794140748000,-9.74901,0.04142,-1.10552
gyr,45400179416390400,0.01461,-0.01714,-0.00106
acc,454001794192164000,-9.74916,0.04232,-1.03853
gyr,45400179421488000,0.01213,-0.00971,0.00381
acc,454001794243102000,-9.75918,0.06131,-1.04825
gyr,45400179426607600,0.01095,-0.01961,0.0002
acc,454001794294480000,-9.71177,0.05937,-1.11494
gyr,45400179431758800,0.0122,-0.01596,-0.00354
acc,454001794345617000,-9.75873,0.05114,-1.08653
gyr,45400179436852000,0.01337,-0.0122,0.00136
acc,454001794396906000,-9.67409,0.06026,-0.9992
gyr,45400179441968600,0.01835,-0.01601,-0.01093
acc,454001794447844000,-9.79731,0.08075,-1.06814
gyr,45400179447086000,0.01339,-0.01469,-0.00108
acc,454001794499206000,-9.71192,0.06011,-1.05737
gyr,45400179452217200,0.01707,-0.01102,-0.00481
acc,454001794550185000,-9.77817,0.07058,-1.08683
gyr,45400179457328800,0.01216,-0.01959,0.00143
acc,454001794601752000,-9.75918,0.06131,-1.04825
gyr,45400179462446400,0.02313,-0.01587,-0.0023
acc,454001794652534000,-9.74093,0.08882,-1.06739
gyr,45400179467557600,0.01584,-0.01715,-0.00229
acc,454001794703910000,-9.81555,0.05279,-1.06799
gyr,45400179472680800,0.00976,-0.01473,-0.00232
acc,454001794755041000,-9.73914,0.02288,-1.05737
gyr,45400179477796600,0.00972,-0.01099,0.00135
acc,454001794806390000,-9.71551,0.18363,-1.02941
gyr,45400179482914400,0.01223,-0.01599,-0.006
acc,454001794857304000,-9.76067,0.11724,-1.10627
gyr,45400179488041800,0.01342,-0.01718,-0.00352
acc,454001794908662000,-9.76964,0.09944,-1.0487
gyr,45400179493158900,0.01703,-0.01588,0.00017
acc,454001794959644000,-9.74078,0.07955,-1.05782
gyr,45400179498276000,0.01704,-0.01097,-0.00111
acc,454001795015401000,-9.74153,0.09974,-0.98111
gyr,45400179503407200,0.01827,-0.01344,-0.00232
acc,454001795061948000,-9.76067,0.11739,-1.08713
gyr,45400179508517400,0.00977,-0.01967,-0.0035
acc,454001795113259000,-9.75095,0.10811,-1.07726
gyr,45400179513638400,0.01344,-0.00614,-0.0061
acc,454001795164282000,-9.77877,0.08942,-1.08698
gyr,45400179518750800,0.01096,-0.0184,-0.00105
acc,454001795217081000,-9.74019,0.06041,-1.07681
gyr,45400179523889100,0.01344,-0.01598,-0.006
acc,454001795266673000,-9.74991,0.07058,-1.0481
gyr,45400179528991500,0.01099,-0.01474,-0.00355
acc,454001795318225000,-9.74976,0.06968,-1.11539
gyr,45400179534110000,0.01095,-0.01469,0.00015
acc,454001795369025000,-9.74946,0.05189,-1.02881
gyr,45400179539236800,0.0122,-0.01473,-0.00355
acc,454001795420804000,-9.82931,0.2255,-1.54949
gyr,45400179544357200,0.01458,-0.01465,0.00139
acc,454001795471504000,-9.77802,0.06116,-1.08683
gyr,45400179549471300,0.01463,-0.01594,-0.00354
acc,454001795521978000,-9.79656,0.05219,-1.07741
gyr,45400179554588600,0.01334,-0.01586,0.00387
acc,454001795572931000,-9.77802,0.06086,-1.11569
gyr,45400179559707600,0.01705,-0.01714,-0.00229
acc,454001795624239000,-9.76815,0.05159,-1.07711
gyr,45400179564835000,0.01699,-0.01337,0.00385
acc,454001795675216000,-9.75843,0.04202,-1.06739
gyr,45400179569973600,0.01703,-0.01834,0.00019
acc,454001795726609000,-9.74991,0.07073,-1.03868
gyr,45400179575070800,0.01707,-0.00733,-0.00485
acc,454001795777580000,-9.75843,0.04172,-1.08653
gyr,45400179580189200,0.01946,-0.01709,0.00018
acc,454001795828960000,-9.7031,0.08793,-1.07651
gyr,45400179585307000,0.01461,-0.01591,-0.00107
acc,454001795879937000,-9.74901,0.04157,-1.09595
gyr,45400179590467000,0.01465,-0.01596,-0.00477
acc,454001795931393000,-9.78669,0.04262,-1.06769
gyr,45400179595538000,0.01338,-0.01221,0.00013
acc,454001795982311000,-9.74048,0.07043,-1.03853
gyr,45400179600643700,0.01097,-0.01718,-0.00229
acc,454001796033768000,-9.70355,0.0981,-1.03838
gyr,45400179605760000,0.01223,-0.01722,-0.00599
acc,454001796084742000,-9.71118,0.04082,-1.07636
gyr,45400179610874800,0.00852,-0.0184,0.00019
acc,454001796136129000,-9.74976,0.06968,-1.11539
gyr,45400179616002800,0.01579,-0.01585,0.00263
acc,454001796187118000,-9.73899,0.02213,-1.11494
gyr,45400179621142800,0.01699,-0.01583,0.00387
acc,454001796238606000,-9.73989,0.05054,-1.10537
gyr,45400179626241600,0.01217,-0.01591,0.00016
acc,454001796289600000,-9.74946,0.05204,-1.01909