acc,454012817163918000,-8.88409,-4.22395,-2.74698
acc,454012817071142000,-8.01902,-4.36586,-3.33077
acc,454012817265334000,-9.11034,-3.9322,-2.56933
acc,454012817354203000,-9.2995,-2.98534,-2.1937
acc,454012817454217000,-9.34825,-1.96371,-2.29732
acc,454012817558695000,-9.49749,-1.39024,-2.15885
acc,454012817656256000,-9.29636,-1.47278,-2.29987
acc,454012817755659000,-9.57375,-1.3708,-2.22704
acc,454012817857619000,-9.50467,-1.81746,-1.61843
acc,454012817958141000,-9.5905,-1.13588,-1.73925
gyr,45401281797361300,-0.34199,-0.46723,0.3189
acc,454012818061739000,-9.19498,-0.43784,-1.92139
gyr,45401281807430800,-0.16284,-0.2013,0.13138
acc,454012818161147000,-9.70086,-0.28143,-1.71742
gyr,45401281817586800,-0.07423,-0.38248,0.15789
acc,454012818262229000,-9.65031,-0.41571,-1.13976
gyr,45401281827707400,-0.00376,-0.56145,0.17449
acc,454012818363539000,-9.10017,-0.24225,0.50738
gyr,45401281837822500,-0.17325,0.32542,0.03988
acc,454012818464691000,-9.90154,0.3399,0.28247
gyr,45401281847952000,0.21853,-0.52312,0.06572
acc,454012818565778000,-9.73331,-0.21937,-0.1627
gyr,45401281858067500,-0.63133,0.54905,-0.1206
acc,454012818667075000,-10.18221,-0.31373,-1.4351
gyr,45401281868182000,-0.34404,0.65138,-0.16825
acc,454012818768180000,-9.85443,-0.20113,-1.6428
gyr,45401281878310200,0.22826,0.52877,-0.25543
acc,454012818869302000,-9.76007,-0.80809,-2.22345
gyr,45401281888330100,-0.76817,-0.24567,-0.11793
acc,454012818970493000,-9.6871,-1.6754,-2.51445
gyr,45401281898443200,0.13112,-0.38952,0.168
acc,454012819071612000,-10.57953,0.01854,-1.34597
gyr,45401281908550000,-0.29732,0.11172,0.43176
acc,454012819172822000,-10.86544,0.19933,-3.55896
gyr,45401281918669200,0.7046,0.82994,-0.25673
acc,454012819273998000,-10.0246,0.13159,-1.81043
gyr,45401281928789200,0.59044,0.53109,-0.3699
acc,454012819375276000,-8.95153,-0.35081,-2.06285
gyr,45401281938908800,0.67535,-0.21353,-0.42059
acc,454012819476382000,-5.89666,-1.68467,-2.4968
gyr,45401281949024300,0.89777,-0.89611,-0.12259
acc,454012819577515000,-7.24817,-1.50673,0.38476
gyr,45401281959143200,0.90734,-1.39826,0.54366
acc,454012819678675000,-11.39959,-0.34124,4.3204
gyr,45401281969279700,-0.55435,-0.79989,-0.55657
acc,454012819779927000,-9.7665,-1.48325,2.58129
gyr,45401281979381000,-0.25415,-0.19664,-0.2241
acc,454012819881080000,-7.96325,-2.47961,-1.80655
gyr,45401281989508300,-1.04143,-0.34002,0.3541
acc,454012819982258000,-10.2685,-1.30545,-0.19081
gyr,45401281999622400,-0.05237,0.57307,0.09187
acc,454012820083566000,-10.72084,-1.02148,-0.23687
gyr,45401282009743100,-0.59917,-0.21555,0.12376
acc,454012820184696000,-10.19866,-1.0143,-2.11235
gyr,45401282019859600,-0.43247,0.41674,-0.18331
acc,454012820285814000,-9.75933,-2.21867,-0.37055
gyr,45401282030000500,0.45641,-0.60804,-0.25777
acc,454012820387008000,-8.43459,-2.0325,1.39128
gyr,45401282040101300,0.53291,-0.48587,0.11127
acc,454012820488100000,-9.59304,-0.50887,0.28247
gyr,45401282050213700,0.37409,0.36333,0.00788
acc,454012820589332000,-9.80135,-1.76004,-0.14385
gyr,45401282060334300,0.50536,-0.03055,-0.45459
acc,454012820690510000,-7.6718,-3.50273,0.44053
gyr,45401282070451400,0.59204,0.41639,0.09145
acc,454012820791667000,-10.92062,-0.08748,1.15621
gyr,45401282080564600,-0.08572,0.21729,0.29395
acc,454012820892840000,-10.70634,-1.39891,-2.63453
gyr,45401282090684000,-0.38809,-0.12263,-0.32981
acc,454012820994030000,-10.45123,-2.54899,1.16848
gyr,45401282100804100,-0.33408,0.1904,-0.03667
acc,454012821095209000,-9.92711,-1.63488,-0.81826
gyr,45401282110924700,-0.0425,-0.00931,-0.12703
acc,454012821196421000,-10.58133,-1.30052,0.28517
gyr,45401282121039000,0.13079,-0.32304,0.07357
acc,454012821297596000,-10.00053,-1.42284,-0.05264
gyr,45401282131158200,-0.03622,-0.50839,0.01108
acc,454012821399492000,-9.54205,-1.24908,-0.38401
gyr,45401282141182100,0.18728,-0.13806,-0.12066
acc,454012821500008000,-9.60785,-1.63727,0.76009
gyr,45401282151289000,0.53267,0.28751,-0.04184
acc,454012821601092000,-10.12898,-0.93056,0.4033
gyr,45401282161412100,0.23277,0.79095,0.1307
acc,454012821702130000,-11.18874,-1.16862,-0.6448
gyr,45401282171529500,-0.16242,0.30406,-0.1931
acc,454012821803372000,-9.57674,-1.68841,-0.08419
gyr,45401282181662800,-0.07951,0.16149,0.16124
acc,454012821904500000,-9.77787,-0.60443,-0.66947
gyr,45401282191776200,-0.22781,0.31871,0.02633
acc,454012822005651000,-8.47945,-1.62052,-2.08723
gyr,45401282201889300,0.35682,0.37493,0.15459
acc,454012822106902000,-10.91913,-0.94791,-1.91974
gyr,45401282212005600,0.29366,0.44082,0.14526
acc,454012822208087000,-8.91908,-1.13662,-2.03803
gyr,45401282222125200,0.24409,-0.2063,0.286
acc,454012822309259000,-8.89007,-0.52068,-1.94591
gyr,45401282232588400,0.21565,0.24414,0.30257
acc,454012822410467000,-8.98727,-0.73826,-2.08005
gyr,45401282242226000,0.26335,-0.15428,0.30155
acc,454012822511752000,-9.16283,0.71777,-1.79428
gyr,45401282252390400,0.05218,-0.21892,0.27115
acc,454012822612833000,-7.8807,-0.12815,-2.02263
gyr,45401282262511000,-0.193,0.34323,0.1927
acc,454012822713961000,-9.76635,-0.22042,-3.4178
gyr,45401282272626600,-0.39043,0.27999,-0.12149
acc,454012822815172000,-9.47162,-0.2756,-3.49077
gyr,45401282282744000,-0.01671,0.30721,0.0698
acc,454012822916472000,-9.7846,1.68348,-3.32523
gyr,45401282292961100,-0.23508,0.14123,-0.0867
acc,454012823017588000,-8.85508,0.9494,-3.53937
gyr,45401282302983200,-0.03782,0.10844,0.12847
acc,454012823118744000,-10.16651,0.52188,-3.10123
gyr,45401282313099400,-0.03857,-0.23589,-0.13964
acc,454012823220556000,-9.48224,0.38461,-3.02482
gyr,45401282323231600,0.11628,-0.10472,-0.07292
acc,454012823320472000,-8.98338,-0.51351,-2.8687
gyr,45401282333251600,-0.07624,-0.19471,-0.26716
acc,454012823421659000,-9.2515,-0.41601,-2.4503
gyr,45401282343434500,0.0765,-0.107,-0.22963
acc,454012823522804000,-9.49629,-0.112,-2.73367
gyr,45401282353549700,0.17426,-0.11278,-0.15793
acc,454012823623965000,-8.58293,-0.00568,-2.47363
gyr,45401282363665400,0.10412,-0.2244,-0.18652
acc,454012823725162000,-9.86849,-0.66873,-1.92797
gyr,45401282373785800,0.20345,-0.34867,-0.14205
acc,454012823826394000,-8.92477,0.32674,-1.63503
gyr,45401282383903000,-0.04544,-0.01024,-0.19859
acc,454012823927500000,-9.51289,-0.53938,-2.23183
gyr,45401282393974000,0.04842,-0.21156,-0.21013
acc,454012824028666000,-10.52704,-0.47822,-1.57252
gyr,45401282404090400,0.37473,-0.27776,0.11159
acc,454012824129995000,-9.07699,-0.97901,-0.61056
gyr,45401282414209200,0.0932,-0.16113,0.05223
acc,454012824231055000,-9.51469,-1.16877,-1.29648
gyr,45401282424374000,0.15872,-0.13222,0.06311
acc,454012824336481000,-13.80936,0.64944,-3.21383
gyr,45401282434528000,0.16524,-0.51124,-0.32311
acc,454012824433579000,-9.88628,-1.43824,-0.26214
gyr,45401282444555000,-0.24417,-1.31178,-0.04792
acc,454012824534611000,-9.253,-0.4987,0.21937
gyr,45401282454688200,0.00162,-0.36781,0.10845
acc,454012824635819000,-9.19901,-0.40674,0.13279
gyr,45401282464802000,0.24207,0.26955,-0.0345
acc,454012824737016000,-9.95716,-0.34049,0.24793
gyr,45401282474913000,0.01031,-0.02405,-0.05775
acc,454012824838187000,-10.0898,-0.66573,0.44995
gyr,45401282485044600,0.02573,-0.08738,-0.01394
acc,454012824939345000,-9.32059,-0.76398,0.10512
gyr,45401282495146600,0.18664,0.40903,0.02826
acc,454012825040508000,-10.2359,-0.16015,-0.13099
gyr,45401282505270300,0.03679,0.03864,0.21065
acc,454012825141676000,-9.73944,-0.34019,-0.03738
gyr,45401282515387300,-0.01477,-0.13356,0.15058
acc,454012825242849000,-9.41704,-0.69729,-0.00224
gyr,45401282525503800,0.07679,-0.05505,-0.01668
acc,454012825344214000,-9.74751,0.24883,0.12187
gyr,45401282535627100,0.10387,0.04642,-0.18051
acc,454012825445115000,-9.09718,-0.31747,-0.07761
gyr,45401282545888600,-0.0698,0.1068,-0.07883
acc,454012825546296000,-9.82183,-0.7399,-0.30446
gyr,45401282555863700,-0.08258,-0.04987,-0.00452
acc,454012825647499000,-10.43015,-0.31477,-0.00763
gyr,45401282565988000,-0.02491,-0.20754,-0.04736
acc,454012825748676000,-9.4619,-0.78013,0.07462
gyr,45401282576098400,0.0422,-0.13116,-0.07889
acc,454012825849974000,-9.39536,-0.48465,0.31328
gyr,45401282586219400,0.07677,-0.12423,-0.13322
acc,454012825951180000,-9.4622,-0.47134,0.4661
gyr,45401282596338800,0.03224,-0.27636,-0.16757
acc,454012826052097000,-9.47057,-0.83695,0.68906
gyr,45401282606469800,-0.10133,0.07485,0.03867
acc,454012826153035000,-9.35005,-0.74125,0.3061
gyr,45401282616570900,-0.06982,-0.0871,0.06001
acc,454012826254207000,-9.38085,-0.97662,0.35515
gyr,45401282626703600,-0.12229,-0.2056,-0.03512
acc,454012826354951000,-10.02386,-0.66454,0.61414
gyr,45401282636816600,0.0041,0.13258,0.06781
acc,454012826456064000,-9.37457,-0.55807,0.49661
gyr,45401282646931000,-0.00727,0.04665,-0.0054
acc,454012826557216000,-9.97526,-0.69609,0.49018
gyr,45401282657046400,0.03923,-0.15384,-0.02192
acc,454012826658414000,-10.16666,-0.63164,0.70805
gyr,45401282667163400,0.15536,-0.25926,0.04336
acc,454012826758835000,-9.42302,-0.52697,0.60128
gyr,45401282677292200,0.05453,0.36825,-0.00847
acc,454012826859977000,-9.65779,-0.89258,0.48554
gyr,45401282687401700,0.16433,0.30212,-0.04352
acc,454012826961148000,-9.89152,-0.31567,0.11425
gyr,45401282697529500,0.0784,-0.06381,0.06731
acc,454012827062264000,-10.07305,-0.26169,0.27485
gyr,45401282707645000,0.11877,-0.22405,-0.07053
acc,454012827163496000,-9.33434,-0.00703,0.69489
gyr,45401282717763400,0.10641,-0.18698,-0.05239
acc,454012827264356000,-9.50347,-0.36292,0.67605
gyr,45401282727879100,-0.04786,0.01992,0.04419
acc,454012827365646000,-10.3787,-0.47164,0.33975
gyr,45401282737999800,-0.13957,0.10569,-0.03075
acc,454012827466907000,-9.95432,-1.0789,0.23372
gyr,45401282748119800,-0.0149,-0.00954,0.03216
acc,454012827567996000,-9.89735,-0.46057,0.52801
gyr,45401282758230900,-0.02465,-0.10794,0.04175
acc,454012827669113000,-9.6705,-0.77041,0.40793
gyr,45401282768376400,-0.00325,-0.09064,-0.15706
acc,454012827770289000,-9.71387,-0.91097,0.43709
gyr,45401282778463000,0.0815,-0.02566,-0.12677
acc,454012827871516000,-9.76187,-0.56734,0.55912
gyr,45401282788601100,-0.08601,-0.01821,-0.02951
acc,454012827972660000,-9.49285,-1.03718,0.54611
gyr,45401282798707800,0.08393,-0.12701,0.12716
acc,454012828073787000,-9.50063,-0.79493,0.9189
gyr,45401282808826500,-0.01713,0.0074,0.01102
acc,454012828175011000,-9.41255,-0.23402,0.58992
gyr,45401282818943600,0.06806,0.06655,-0.12645
acc,454012828276216000,-9.7662,-0.09361,0.57512
gyr,45401282829069200,-0.11777,0.03061,-0.13982
acc,454012828377451000,-9.43932,-0.92593,0.47896
gyr,45401282839184300,-0.18723,0.05404,-0.00191
acc,454012828478548000,-9.26765,-0.97707,0.49078
gyr,45401282849303100,-0.11648,0.09145,0.09402
acc,454012828579699000,-9.90737,-1.07038,0.25331
gyr,45401282859419600,-0.12044,0.03124,0.007
acc,454012828680905000,-9.58108,-0.91666,0.24703
gyr,45401282869536900,0.12752,0.00598,0.01239
acc,454012828782076000,-9.42706,-0.6922,0.3049
gyr,45401282879662100,0.04065,-0.00621,0.06919
acc,454012828883350000,-9.58347,-0.51799,0.3399
gyr,45401282889780000,0.00102,-0.06122,0.02404
acc,454012828984508000,-9.65241,-0.74334,0.35036
gyr,45401282899896900,0.00014,-0.00879,-0.01349
acc,454012829085571000,-9.70161,-0.67605,0.33945
gyr,45401282910025100,0.02949,0.00841,-0.03214
acc,454012829186785000,-9.65749,-0.57213,0.39702
gyr,45401282920129100,0.01602,-0.04198,-0.01932
acc,454012829287910000,-9.80673,-0.64405,0.42453
gyr,45401282930247000,-0.04789,-0.05047,-0.07111
acc,454012829397051000,-9.39102,0.32345,0.57691
gyr,45401282940545000,-0.05828,0.14582,-0.0175
acc,454012829490257000,-9.72882,-0.71448,0.26288
gyr,45401282950480300,-0.15174,0.03062,-0.02387
acc,454012829591416000,-8.80858,1.08743,0.63643
gyr,45401282960593700,0.10091,0.10856,-0.13176
acc,454012829692560000,-9.62355,-0.43351,0.22386
gyr,45401282970712400,-0.18155,-0.01919,0.04322
acc,454012829793842000,-9.89929,-1.02238,0.30132
gyr,45401282980836000,0.10566,-0.06921,0.01556
acc,454012829894942000,-10.02715,-0.54326,0.4981
gyr,45401282990947500,0.0566,-0.10958,0.06157
acc,454012829996152000,-9.47311,-0.74439,0.54446
gyr,45401283001087200,0.00739,0.03927,-0.01271
acc,454012830097361000,-9.7203,-0.68517,0.34917
gyr,45401283011185400,0.00918,0.01395,-0.06923
acc,454012830198484000,-9.91215,-0.9014,0.14655
gyr,45401283021299700,0.06622,0.04925,0.06127
acc,454012830299700000,-10.02191,-0.39358,0.40121
gyr,45401283031420400,0.04158,-0.12175,-0.01606
acc,454012830400960000,-9.60456,-0.76981,0.53354
gyr,45401283041545400,0.03638,-0.03529,0.01148
acc,454012830502073000,-9.77323,-0.49287,0.46237
gyr,45401283051676200,0.08648,-0.00699,-0.01714
acc,454012830603169000,-9.75439,-0.49242,0.51052
gyr,45401283061781600,-0.0045,-0.01156,-0.03567
acc,454012830704298000,-9.75933,-0.65332,0.51171
gyr,45401283071895300,-0.04682,-0.02814,-0.05776
acc,454012830804964000,-9.72568,-0.83366,0.52278
gyr,45401283082014000,-0.02777,-0.02749,-0.01703
acc,454012830906198000,-9.58856,-0.67575,0.52338
gyr,45401283092135600,-0.02762,-0.01047,-0.03324
acc,454012831007392000,-8.7836,-7.75973,-0.47567
gyr,45401283102159100,0.22592,-0.04755,0.39179
acc,454012831108494000,-9.79297,-1.10851,0.40868
gyr,45401283112277500,0.02648,-0.00597,-0.09616
acc,454012831209732000,-9.67813,-0.52248,0.52128
gyr,45401283122353800,-0.01266,-0.00927,0.0519
acc,454012831310932000,-11.13252,-1.19464,0.21055
gyr,45401283132470200,-0.05681,-0.06073,0.09432
acc,454012831412153000,-9.61502,-1.68333,0.20337
gyr,45401283142593400,0.02567,-0.02951,-0.01203
acc,454012831513257000,-9.62504,-0.39253,0.43455
gyr,45401283152710700,0.02441,-0.03315,-0.00706
acc,454012831614436000,-9.57644,-0.76174,0.50483
gyr,45401283162830200,-0.00455,-0.03117,-0.02931
acc,454012831715657000,-9.72957,-0.6931,0.42573
gyr,45401283172950500,0.01601,-0.00754,-0.02089
acc,454012831816880000,-9.81286,-0.7571,0.45399
gyr,45401283183064600,-0.01935,-0.01994,-0.00846
acc,454012831918030000,-9.7843,-0.76682,0.47373
gyr,45401283193182400,0.0171,-0.03441,-0.00582
acc,454012832019120000,-9.75574,-0.76802,0.4356
gyr,45401283203311300,0.01234,-0.00015,-0.0185
acc,454012832120325000,-9.77353,-0.80615,0.39717
gyr,45401283213427500,0.02552,-0.00719,0.00132
acc,454012832221472000,-9.72777,-0.75845,0.49347
gyr,45401283223539100,0.01581,-0.01589,0.00017
acc,454012832322596000,-9.7185,-0.75037,0.41676
gyr,45401283233653000,0.0135,0.00484,-0.01361
acc,454012832423808000,-9.86714,-0.83247,0.39612
gyr,45401283243778000,0.00839,0.01497,0.01097
acc,454012832524987000,-9.76531,-0.75949,0.37773
gyr,45401283253897500,0.02054,-0.00216,0.01238
acc,454012832626259000,-9.73974,-0.66573,0.34872
gyr,45401283264011200,0.0254,-0.01072,0.0137
acc,454012832727344000,-9.65495,-0.65856,0.31133
gyr,45401283274127600,-0.0314,0.00197,-0.02102
acc,454012832828491000,-9.72673,-0.7894,0.31133
gyr,45401283284247800,-0.00603,0.00728,-0.00501
acc,454012832929727000,-9.44964,0.38909,0.451
gyr,45401283294368100,-0.17458,0.11442,0.19
acc,454012833030847000,-9.64822,-1.20915,0.21907
gyr,45401283304486200,-0.08974,0.01876,-0.0237
acc,454012833132188000,-8.61567,2.55976,0.67695
gyr,45401283314608900,0.05894,0.14687,-0.19263
acc,454012833240088000,-9.68845,-0.80121,0.2255
gyr,45401283324940200,-0.21267,-0.00896,-0.00626
acc,454012833334502000,-9.79282,-0.7888,0.25302
gyr,45401283334834200,0.03531,-0.00966,-0.00481
acc,454012833437049000,-9.74392,-0.84637,0.28262
gyr,45401283344968200,-0.02094,-0.02807,0.02987
acc,454012833536643000,-9.64418,-0.69639,0.34034
gyr,45401283355081400,0.06813,-0.00697,-0.00481
acc,454012833637830000,-9.73121,-0.62985,0.21429
gyr,45401283365188000,0.00138,-0.00635,-0.01598
acc,454012833738995000,-9.72643,-0.79912,0.30191
gyr,45401283375302300,-0.00834,-0.03593,-0.01446
acc,454012833840193000,-9.73839,-0.71359,0.31059
gyr,45401283385426000,0.02322,-0.0209,-0.01088
acc,454012833941508000,-9.74751,-0.72256,0.32016
gyr,45401283395541000,0.00743,-0.02225,-0.01212
acc,454012834042475000,-9.75544,-0.77938,0.31089
gyr,45401283405662900,0.01353,-0.0124,-0.01468
acc,454012834143679000,-9.76516,-0.76024,0.32016
gyr,45401283415777400,0.01339,0.00375,-0.00249
acc,454012834244858000,-9.72643,-0.79882,0.3209
gyr,45401283425895400,0.01947,0.0038,-0.00249
acc,454012834346017000,-9.74392,-0.83695,0.27305
gyr,45401283436016700,0.00128,0.0196,-0.00759
acc,454012834447904000,-9.83245,-0.72226,0.22326
gyr,45401283446210900,0.01468,-0.01477,-0.00848
acc,454012834571976000,-9.64478,-0.67785,0.30206
gyr,45401283457662000,-0.01665,-0.01903,-0.03561
acc,454012834649680000,-14.53222,-13.92181,1.54949
gyr,45401283466380200,0.35081,-0.08226,0.30339
acc,454012834749702000,-9.50437,-0.31208,0.2916
gyr,45401283476472600,-0.09186,0.01131,0.06891
acc,454012834850820000,-9.7366,-0.44113,0.18423
gyr,45401283486586400,0.56373,-0.16761,0.53759
acc,454012834951910000,-10.82507,-1.04032,0.2421
gyr,45401283496723000,-0.02964,-0.07461,0.05252
acc,454012835053020000,-9.71417,-1.209,0.13189
gyr,45401283506825800,-0.03374,0.02396,-0.03234
acc,454012835154245000,-9.82737,-0.57138,0.1935
gyr,45401283516945400,-0.0387,-0.01529,-0.01963
acc,454012835255494000,-9.71865,-0.73527,0.15761
gyr,45401283527075300,-0.0011,-0.04442,-0.00821
acc,454012835356598000,-9.71955,-0.70536,0.26303
gyr,45401283537181400,0.02704,-0.02724,-0.02809
acc,454012835457838000,-9.7185,-0.74349,0.24419
gyr,45401283547300700,-0.01681,-0.03113,-0.01945
acc,454012835558933000,-9.7523,-0.88391,0.29249
gyr,45401283557418200,0.00509,-0.03961,-0.02059
acc,454012835660148000,-9.74273,-0.88346,0.34034
gyr,45401283567538700,0.00986,-0.02224,-0.01212
acc,454012835761358000,-9.75379,-0.82738,0.27305
gyr,45401283577653400,0.00504,-0.01249,-0.01715
acc,454012835862532000,-9.6877,-0.82828,0.31208
gyr,45401283587772400,0.02087,-0.01118,-0.01962
acc,454012835963716000,-9.76007,-0.93161,0.26393
gyr,45401283597891200,-0.00244,-0.00739,0.0013
acc,454012836064819000,-9.75185,-0.89438,0.2255
gyr,45401283608012000,0.03405,-0.00101,-0.0012
acc,454012836166083000,-9.72658,-0.79045,0.24434
gyr,45401283618130800,0.02446,-0.01846,-0.01337
acc,454012836267361000,-9.72658,-0.79045,0.24434
gyr,45401283628248400,0.01101,-0.01231,-0.00604
acc,454012836368428000,-9.71716,-0.79045,0.26363
gyr,45401283638378500,-0.02536,-0.01023,-0.01596
acc,454012836469663000,-9.71402,-0.89482,0.25466
gyr,45401283648484000,-0.02053,-0.00032,-0.01359
acc,454012836570027000,-10.20106,-1.36721,0.21339
gyr,45401283658602700,-0.03027,-0.02374,-0.0109
acc,454012836671204000,-9.72448,-0.85789,0.16778
gyr,45401283668717800,-0.00963,-0.01371,-0.00851
acc,454012836772395000,-11.27069,-0.66424,0.04217
gyr,45401283678840000,-0.11779,-0.02737,0.23461
acc,454012836873603000,-9.74781,-1.99466,0.0791
gyr,45401283688953600,-0.02397,0.00062,-0.03457
acc,454012836974735000,-9.73151,-0.62072,0.20471
gyr,45401283699075200,0.00615,-0.03324,-0.00461
acc,454012837075909000,-9.7502,-0.95105,0.23537
gyr,45401283709194200,0.03527,-0.0428,0.00168
acc,454012837177161000,-9.73226,-0.59979,0.32928
gyr,45401283719319700,0.05357,-0.01818,-0.00718
acc,454012837278428000,-9.7994,-0.88391,0.22475
gyr,45401283729430000,-0.00601,-0.01858,-0.00599
acc,454012837379486000,-9.74572,-0.78058,0.24389
gyr,45401283739549700,0.0134,-0.04297,0.00043
acc,454012837480715000,-9.61323,-0.79194,0.31268
gyr,45401283749673000,0.00855,-0.01475,-0.00355
acc,454012837581806000,-9.65944,-0.82888,0.31238
gyr,45401283759794600,0.01107,-0.0001,-0.01356
acc,454012837683126000,-9.74377,-0.84652,0.27305
gyr,45401283769913400,0.00865,-0.01857,-0.01339
acc,454012837784294000,-9.76247,-0.8549,0.31133
gyr,45401283780042300,0.01343,-0.01597,-0.00477
acc,454012837885362000,-9.80135,-0.81677,0.27231
gyr,45401283790150200,0.01706,-0.00485,-0.00364
acc,454012837986535000,-9.82856,-0.85415,0.26259
gyr,45401283800265800,0.01471,-0.01357,-0.01096
acc,454012838087691000,-9.67648,-0.88615,0.25496
gyr,45401283810383000,0.00127,-0.00498,-0.00489
acc,454012838188889000,-9.72568,-0.81856,0.26363
gyr,45401283820506200,0.02563,0.01111,-0.01119
acc,454012838290118000,-9.72478,-0.84832,0.18707
gyr,45401283830628000,-0.01084,-0.00266,-0.00985
acc,454012838391339000,-9.39326,-11.46494,-0.43949
gyr,45401283840758900,0.11122,-0.04391,0.06591
acc,454012838492508000,-10.05705,-1.43764,0.13877
gyr,45401283850849200,-0.03964,0.00403,-0.04819
acc,454012838592764000,-13.79381,-11.991,0.78731
gyr,45401283861092100,0.37786,-0.08616,0.2726
acc,454012838694010000,-9.68934,-0.76488,0.1292
gyr,45401283871077600,0.01272,-0.06827,-0.05238
acc,454012838795736000,-9.88479,-1.17834,0.02393
gyr,45401283881192600,0.04642,-0.0307,-0.02064
acc,454012838896934000,-9.73017,-0.66738,0.24344
gyr,45401283891311000,-0.01696,-0.05183,-0.00198
acc,454012838998125000,-9.6397,-0.84951,0.23597
gyr,45401283901425400,0.03678,-0.01244,-0.0307
acc,454012839099336000,-9.77084,-0.8854,0.16733
gyr,45401283911544200,0.00752,0.00344,-0.02347
acc,454012839201026000,-9.75424,-0.80989,0.1769
gyr,45401283921677700,0.00157,-0.02504,-0.0343
acc,454012839301742000,-9.75245,-0.87509,0.24464
gyr,45401283931792700,0.00878,-0.02119,-0.0257
acc,454012839402913000,-9.74931,-0.98021,0.18782
gyr,45401283941910400,0.01951,-0.01592,-0.00477
acc,454012839504194000,-9.6859,-0.8863,0.23567
gyr,45401283952028200,0.03285,-0.00349,-0.00241
acc,454012839605275000,-9.76336,-0.81078,0.10946
gyr,45401283962135400,0.00998,-0.00272,-0.02588
acc,454012839710643000,-9.70385,-0.91471,0.19739
gyr,45401283972570800,0.00743,-0.01979,-0.01214
acc,454012839807614000,-9.72224,-0.93355,0.18767
gyr,45401283982369600,0.02908,-0.00828,0.00998
acc,454012839908700000,-9.78968,-0.89378,0.20591
gyr,45401283992492600,0.00247,-0.00987,-0.0036
acc,454012840010496000,-9.79222,-0.80839,0.21488
gyr,45401284002607100,0.00618,-0.01362,-0.00973
acc,454012840111029000,-9.72553,-0.8205,0.13877
gyr,45401284012722400,0.00248,0.00488,-0.00498
acc,454012840212189000,-9.83634,-0.91247,0.14774
gyr,45401284022841600,-0.00356,-0.02473,-0.00717
acc,454012840313347000,-9.74333,-0.85804,0.1292
gyr,45401284032968000,-0.00347,-0.01624,-0.01712
acc,454012840418363000,-10.03986,-1.38261,0.06206
gyr,45401284043092600,-0.06832,0.01212,0.02327
acc,454012840515711000,-9.68097,-1.04855,0.15043
gyr,45401284053210500,-0.01823,-0.00382,0.00002
acc,454012840617006000,-8.53806,0.89767,0.39149
gyr,45401284063336200,0.04799,0.11148,-0.06644
acc,454012840718114000,-9.704,-1.22889,0.08419
gyr,45401284073452200,-0.11043,0.00143,-0.01985
acc,454012840819240000,-9.89077,-0.66544,0.13578
gyr,45401284083563600,0.03169,-0.04169,-0.00574
acc,454012840920433000,-9.79312,-1.09341,0.14939
gyr,45401284093676400,-0.03876,-0.02996,-0.01208
acc,454012841021529000,-9.6877,-0.82095,0.16793
gyr,45401284103799000,0.05475,-0.01812,-0.00348
acc,454012841122696000,-9.72568,-0.81916,0.2252
gyr,45401284113917100,0.00975,-0.00489,-0.00241
acc,454012841223915000,-9.77906,-0.93251,0.1772
gyr,45401284124035600,0.0038,-0.02599,-0.01332
acc,454012841325094000,-9.68321,-0.98081,0.24614
gyr,45401284134151600,0.0122,-0.02948,-0.00217
acc,454012841426271000,-9.68516,-0.91426,0.25511
gyr,45401284144271800,0.0426,-0.00592,-0.00484
acc,454012841529116000,-9.73435,-0.8392,0.14834
gyr,45401284154395800,0.00859,-0.00005,-0.00863
acc,454012841628566000,-9.76994,-0.92264,0.20621
gyr,45401284164513600,0.01342,0.00126,-0.00494
acc,454012841729637000,-9.71327,-0.91606,0.10139
gyr,45401284174629700,0.00493,0.00609,-0.00746
acc,454012841830875000,-9.76007,-0.92458,0.10079
gyr,45401284184745900,0.02315,-0.00236,-0.00489
acc,454012841932027000,-9.71432,-0.87808,0.11051
gyr,45401284194865500,0.00617,-0.01606,-0.00848
acc,454012842033265000,-9.64777,-0.88884,0.12097
gyr,45401284204996200,0.00737,-0.00743,-0.00733
acc,454012842134443000,-9.78011,-0.89497,0.14819
gyr,45401284215110700,-0.00961,-0.00759,-0.01104
acc,454012842235427000,-9.75723,-1.01939,0.09167
gyr,45401284225225200,0.0134,-0.01347,-0.00233
acc,454012842336633000,-9.09105,0.74723,0.26094
gyr,45401284235345200,0.39762,-0.13382,-0.00084
acc,454012842437859000,-9.55805,0.23597,0.17227
gyr,45401284245464700,-0.12584,-0.01114,0.06417
acc,454012842539028000,-8.79467,0.31253,0.12352
gyr,45401284255583400,0.58917,-0.0406,-0.32363
acc,454012842640180000,-9.38907,0.92324,0.18886
gyr,45401284265699400,-0.2208,-0.00056,0.07756
acc,454012842741332000,-9.87387,-0.91352,0.032
gyr,45401284275818800,0.02209,-0.037,-0.01813
acc,454012842842526000,-9.74512,-0.79254,0.08075
gyr,45401284285956100,0.01083,-0.05511,0.01535
acc,454012842943696000,-9.61293,-0.79419,0.16868
gyr,45401284296053400,0.01975,-0.01501,-0.02945
acc,454012843044889000,-9.71357,-0.90619,0.12995
gyr,45401284306284600,-0.00587,0.00092,-0.02099
acc,454012843146118000,-9.74183,-0.90544,0.1295
gyr,45401284316309600,0.01351,-0.02344,-0.0121
gyr,45401284326845000,0.00006,-0.01975,-0.00474
acc,454012843251160000,-9.6373,-0.92623,0.16927
acc,454012843348537000,-9.71162,-0.97198,0.16868
gyr,45401284336534200,0.00868,-0.01737,-0.01586
acc,454012843449774000,-9.75155,-0.89602,0.11993
gyr,45401284346660600,0.02686,-0.02578,-0.0096
acc,454012843550859000,-9.83574,-0.93191,0.1286
gyr,45401284356776800,0.02428,-0.03299,0.00528
acc,454012843651974000,-9.72478,-0.84877,0.15821
gyr,45401284366879600,0.00489,-0.00246,-0.00244
acc,454012843753143000,-9.66602,-0.90739,0.12097
gyr,45401284376999600,0.01834,-0.01353,-0.00973
acc,454012843854308000,-9.71252,-0.94387,0.14939
gyr,45401284387118800,0.01095,-0.00977,0.0001
acc,454012843955494000,-9.71342,-0.91486,0.1781
gyr,45401284397233300,0.01582,-0.00483,-0.00117
acc,454012844056601000,-9.78056,-0.87643,0.11933
gyr,45401284407359000,0.00855,-0.01352,-0.00356
acc,454012844157836000,-9.7529,-0.85759,0.14834
gyr,45401284417475200,-0.00465,-0.00153,-0.02097
acc,454012844258996000,-9.76935,-0.9343,0.07178
gyr,45401284427595500,0.00745,0.01952,-0.01746
acc,454012844360162000,-9.63312,-0.11006,0.31747
gyr,45401284437714600,0.16925,-0.11386,-0.14312
acc,454012844461459000,-9.59962,-0.60517,0.17735
gyr,45401284447835000,-0.08909,-0.03338,0.03727
acc,454012844562686000,-8.32961,1.19674,0.44966
gyr,45401284457951700,0.4489,0.06845,-0.28409
acc,454012844663870000,-9.63282,0.2092,0.15238
gyr,45401284468074100,-0.1961,0.00034,0.03809
acc,454012844767054000,-9.94864,-0.94103,-0.01675
gyr,45401284478565800,0.03771,-0.01452,-0.00106
acc,454012844865424000,-9.86325,-0.95075,0.08987
gyr,45401284488315400,0.00003,-0.05537,0.00054
acc,454012844966603000,-9.65076,-0.79314,0.17795
gyr,45401284498365400,0.0268,-0.01218,-0.0048
acc,454012845067724000,-9.71521,-0.84996,0.10079
gyr,45401284508465200,-0.0059,0.00464,-0.01856
acc,454012845168766000,-9.8169,-0.92413,0.04232
gyr,45401284518567600,0.00857,-0.02215,-0.00471
acc,454012845269955000,-9.6397,-0.84084,0.1784
gyr,45401284528685800,0.00624,-0.02106,-0.0146
acc,454012845371124000,-9.79865,-0.9041,0.13847
gyr,45401284538804200,0.01472,-0.01236,-0.01221
acc,454012845474585000,-9.74123,-0.92458,0.12008
gyr,45401284548924600,0.01222,-0.02951,-0.00464
acc,454012845573315000,-9.72134,-0.96256,0.13982
gyr,45401284559024600,0.01823,-0.01462,0.00139
acc,454012845674515000,-9.7517,-0.89542,0.15836
gyr,45401284569134600,0.01945,-0.01338,0.00138
acc,454012845775787000,-9.71387,-0.89617,0.16823
gyr,45401284579198900,0.02303,-0.0059,0.00748
acc,454012845876841000,-9.72209,-0.93475,0.11066
gyr,45401284589320400,0.00613,0.01104,-0.00627
acc,454012845978030000,-9.76277,-0.83022,0.0809
gyr,45401284599437200,-0.00473,-0.00267,-0.01355
acc,454012846079173000,-9.57794,-0.6925,0.07253
gyr,45401284609559600,-0.14516,-0.07941,-0.06721
acc,454012846180406000,-8.47167,1.21005,0.49571
gyr,45401284619676600,-0.10417,0.12085,0.07647
acc,454012846281590000,-9.69697,-1.46665,0.02811
gyr,45401284629800000,-0.14585,0.06042,-0.00688
acc,454012846382753000,-7.80788,2.10263,0.42109
gyr,45401284639919600,0.42691,0.13853,-0.27738
acc,454012846484078000,-9.29771,0.06729,0.03245
gyr,45401284650051000,-0.10664,0.01513,0.08737
acc,454012846585152000,-9.93129,-0.57093,0.07716
gyr,45401284660153600,-0.04403,-0.05898,0.03138
acc,454012846687084000,-9.76142,-1.53065,0.06624
gyr,45401284670285000,-0.01888,-0.0411,0.06825
acc,454012846787470000,-9.84381,-0.64958,0.00179
gyr,45401284680389600,0.07013,-0.00517,0.03836
acc,454012846888649000,-9.97122,-0.49452,0.05682
gyr,45401284690512900,0.05388,-0.02718,-0.03794
acc,454012846989864000,-9.88165,-0.96944,0.0803
gyr,45401284700628600,0.03444,-0.01872,-0.03927
acc,454012847091064000,-9.95387,-0.76757,0.16434
gyr,45401284710749200,0.05973,-0.00348,-0.01596
acc,454012847192197000,-9.90438,-0.83665,0.05996
gyr,45401284720867000,0.04241,0.0681,0.00924
acc,454012847293385000,-9.60112,-0.85565,-0.11873
gyr,45401284730985000,0.08474,0.12647,0.02722
acc,454012847394540000,-9.5588,-0.36517,-0.1597
gyr,45401284741106400,0.10208,0.17782,-0.00905
acc,454012847495859000,-9.62026,-0.5174,-0.31298
gyr,45401284751180100,-0.00835,0.30467,-0.03751
acc,454012847597024000,-9.15505,-0.57811,-0.50857
gyr,45401284761318600,-0.05233,-0.70641,-0.06722
acc,454012847698211000,-11.23615,-1.2241,0.6125
gyr,45401284771993400,-0.17103,-0.45261,0.11654
acc,454012847799419000,-12.38084,-1.81806,0.32419
gyr,45401284781528000,-0.45087,-1.10047,-0.05878
acc,454012847900681000,-9.21172,0.0003,0.74439
gyr,45401284791652100,-0.01005,-0.26804,-0.07144
acc,454012848001686000,-8.76865,1.48041,4.16772
gyr,45401284801765900,-0.39787,-0.66207,-0.16294
acc,454012848102881000,-8.55137,-0.04411,2.53853
gyr,45401284811868200,-0.83352,-0.0706,-1.02042
acc,454012848204036000,-5.85434,-2.11967,3.21891
gyr,45401284822008600,-1.63871,-0.38824,-0.58613
acc,454012848306158000,-6.60875,-3.08463,2.13104
gyr,45401284832030400,-2.19942,-0.19795,0.16793
acc,454012848406471000,-7.24682,-3.84383,1.04331
gyr,45401284842142200,-1.98383,0.06963,0.47521
acc,454012848507689000,-8.29477,-2.87588,0.28502
gyr,45401284852266200,-2.4596,-0.73434,1.19334
acc,454012848608828000,-8.39586,-0.93026,-2.00453
gyr,45401284862380300,-1.88919,0.35559,0.84267
acc,454012848709966000,-9.38952,-0.53115,-2.74877
gyr,45401284872499400,-1.34294,-0.06341,1.07546
acc,454012848811169000,-10.93274,0.86252,-2.98803
gyr,45401284882507000,-0.90987,0.38982,0.76664
acc,454012848912337000,-11.2499,1.31771,-2.15003
gyr,45401284892642000,-0.415,0.42993,0.262
acc,454012849013497000,-10.26207,2.40514,-1.36766
gyr,45401284902754700,-0.72074,0.73986,-0.067
acc,454012849114728000,-9.8329,1.66538,-2.08693
gyr,45401284912870900,-0.24986,0.50266,0.27624
acc,454012849215910000,-10.43269,2.1907,-3.29802
gyr,45401284922989000,-0.3207,0.27299,0.44869
acc,454012849317179000,-9.92217,2.19564,-3.45503
gyr,45401284933107600,-0.41657,-0.09711,0.33498
acc,454012849418195000,-5.47691,2.03788,-2.26697
gyr,45401284943226400,0.11615,-0.22751,-0.05075
acc,454012849519415000,-9.35692,1.87219,-2.10188
gyr,45401284953357100,0.00503,-0.5412,0.0213
acc,454012849620601000,-8.65904,1.87294,-1.00862
gyr,45401284963476400,-0.30556,-0.22516,-0.309
acc,454012849722067000,-9.59259,2.11982,-1.08862
gyr,45401284973580400,0.31005,-0.18581,-0.36194
acc,454012849822974000,-9.47954,1.17715,-1.31143
gyr,45401284983704400,0.13629,0.18564,-0.76423
acc,454012849924131000,-9.32747,0.83157,-1.39368
gyr,45401284993822400,0.11464,0.06851,-0.28807
acc,454012850025272000,-9.35857,-0.64585,-2.16214
gyr,45401285003944800,-0.01565,-0.04717,-0.50421
acc,454012850126481000,-9.96584,0.25421,0.77206
gyr,45401285014063600,0.19975,-0.79708,0.01777
acc,454012850227689000,-9.80942,0.15103,-0.82873
gyr,45401285024188000,0.02547,0.0728,0.00055
acc,454012850328939000,-9.76202,-0.15641,-1.06619
gyr,45401285034308000,0.01447,-0.03418,0.01392
acc,454012850430068000,-9.73959,0.03409,-0.93266
gyr,45401285044422800,0.02076,-0.0135,-0.00849
acc,454012850531321000,-9.75768,0.00703,-0.88466
gyr,45401285054547500,0.02198,-0.00612,-0.00979
acc,454012850632427000,-9.73929,0.02467,-0.94208
gyr,45401285064662400,0.00856,-0.02091,-0.00349
acc,454012850733662000,-9.72912,-0.00299,-0.87449
gyr,45401285074780400,0.01822,-0.00968,0.00258
acc,454012850834787000,-9.74796,-0.00329,-0.92294
gyr,45401285084896800,0.01336,-0.01341,0.00261
acc,454012850935944000,-9.64314,-0.0329,-0.84443
gyr,45401285095028000,0.00971,-0.02328,0.0027
acc,454012851037084000,-9.74004,0.04411,-0.9038
gyr,45401285105132200,0.01587,-0.01227,-0.00604
acc,454012851138288000,-9.74826,0.01451,-0.9998
gyr,45401285115253800,0.01215,-0.0159,0.0014
acc,454012851239505000,-9.7019,0.03424,-0.87449
gyr,45401285125370500,0.01096,-0.01347,-0.00109
acc,454012851340620000,-9.73899,0.01525,-0.93251
gyr,45401285135484700,0.01343,-0.0172,-0.00476
acc,454012851441800000,-9.74826,0.00733,-0.85565
gyr,45401285145619100,0.01096,-0.01471,-0.00108
acc,454012851543080000,-9.75888,0.04486,-0.88495
gyr,45401285155732800,0.01465,-0.01596,-0.00477
acc,454012851644203000,-9.74901,0.03454,-0.92324
gyr,45401285165854500,0.01458,-0.01588,0.0014
acc,454012851745312000,-9.74871,0.02527,-0.92309
gyr,45401285175965700,0.01952,-0.01471,-0.00601
acc,454012851846530000,-9.76546,-0.0498,-0.89423
gyr,45401285186084400,0.01703,-0.01588,0.00017
acc,454012851947699000,-9.74886,0.02647,-0.84622
gyr,45401285196203200,0.01463,-0.01717,-0.00352
acc,454012852048929000,-9.75783,0.0154,-0.9521
gyr,45401285206324200,0.0207,-0.01711,-0.00228