acc,14157121006000,  3.435,  4.844,  8.073
ori,14157144629000, 317.144, -28.500, 22.721
acc,14157276843000,  3.373,  4.702,  8.076
ori,14157301717000, 311.289, -28.160, 23.092
gyr,14157311209000, -0.017, -0.050,  0.063
acc,14157435519000,  3.912,  4.587,  8.064
ori,14157459050000, 301.189, -27.518, 24.912
gyr,14157467779000,  0.101, -0.335, -0.073
acc,14157591600000,  4.755,  4.462,  6.685
ori,14157617298000, 292.494, -27.582, 29.861
gyr,14157626820000,  0.278, -2.203,  0.548
acc,14157751527000,  6.668,  4.604,  6.147
ori,14157776950000, 287.113, -27.172, 40.976
gyr,14157786869000, -0.051,  0.211,  0.230
acc,14157903365000,  7.989,  4.939,  6.187
ori,14157927293000, 277.058, -26.220, 45.787
gyr,14157938433000,  0.982, -1.999,  0.866
acc,14158060240000,  8.311,  3.900,  2.753
ori,14158085572000, 93.143, -27.818, 40.652
gyr,14158095369000,  1.206, -1.513,  0.948
acc,14158220167000,  9.009,  2.438, -1.040
ori,14158245407000, 106.451, -27.344, 61.949
gyr,14158254930000,  1.284, -1.369,  0.940
acc,14158378690000,  9.477,  0.943, -2.576
ori,14158403564000, 111.671, -24.865, 77.705
gyr,14158414246000,  0.991, -0.311,  0.485
acc,14158542798000,  9.419,  0.398, -3.823
ori,14158555189000, 100.409, -22.753, 83.450
gyr,14158567183000,  0.153,  0.063,  0.066
acc,14158693324000,  9.226, -0.010, -3.097
ori,14158709286000, 95.566, -22.227, 84.739
gyr,14158730437000,  0.179,  0.142, -0.028
acc,14158843515000,  9.482, -0.004, -2.859
ori,14158868236000, 91.571, -22.057, 84.999
gyr,14158889631000,  0.167,  0.087, -0.066
acc,14159005090000,  9.312, -0.135, -3.121
ori,14159029811000, 92.194, -21.908, 85.100
gyr,14159041043000,  0.120,  0.092, -0.038
acc,14159157539000,  9.377,  0.001, -2.395
ori,14159181925000, 94.681, -21.427, 85.070
gyr,14159201794000,  0.079, -0.014, -0.024
acc,14159318809000,  9.262,  0.034, -2.443
ori,14159343469000, 104.244, -20.259, 85.983
gyr,14159362575000,  0.008,  0.018,  0.035
acc,14159469274000,  9.589, -0.106, -2.286
ori,14159496254000, 116.809, -19.156, 86.640
gyr,14159522563000,  0.037,  0.176, -0.028
acc,14159630361000,  9.404, -0.055, -2.094
ori,14159654930000, 124.434, -18.296, 86.196
gyr,14159680994000,  0.036,  0.139, -0.014
acc,14159789524000,  9.618, -0.227, -1.991
ori,14159814398000, 141.399, -16.939, 86.286
gyr,14159842050000,  0.030,  0.017,  0.130
acc,14159950611000,  9.361, -0.183, -2.019
ori,14159967061000, 164.752, -14.949, 87.702
gyr,14159993217000,  0.054,  0.068,  0.079
acc,14160106875000,  9.436, -0.338, -2.037
ori,14160119236000, 175.098, -13.523, 88.443
gyr,14160152473000,  0.024, -0.101,  0.039
acc,14160266741000,  9.969, -0.271, -1.890
ori,14160279132000, 187.478, -11.895, 89.930
gyr,14160302724000,  0.021, -0.018, -0.026
acc,14160417512000,  9.498, -0.178, -2.153
ori,14160429720000, 194.877, -169.201, 88.776
gyr,14160463292000,  0.012, -0.011, -0.007
acc,14160567519000,  9.536, -0.275, -1.955
ori,14160579788000, 199.190, -170.283, 87.802
gyr,14160625477000, -0.018, -0.020,  0.053
acc,14160727019000,  9.521, -0.369, -2.054
ori,14160739471000, 201.953, -171.905, 86.871
gyr,14160775577000,  0.153, -0.061, -0.028
acc,14160879621000,  9.786, -0.473, -2.200
ori,14160891401000, 206.078, -173.111, 85.760
gyr,14160927080000,  0.117,  0.029, -0.081
acc,14161042996000,  9.418, -0.538, -2.015
ori,14161042996000, 207.479, -173.672, 85.303
gyr,14161088136000,  0.028, -0.090, -0.127
acc,14161202496000,  9.344,  0.174, -2.159
ori,14161202496000, 216.093, -173.319, 83.523
gyr,14161248398000, -0.022,  0.002, -0.121
acc,14161364559000,  9.388, -0.087, -1.994
ori,14161364559000, 217.320, -173.362, 83.229
gyr,14161400695000, -0.014,  0.247, -0.129
acc,14161514749000,  9.256,  0.066, -1.914
ori,14161514749000, 207.615, -173.167, 85.209
gyr,14161550702000,  0.001,  0.469, -0.232
acc,14161665398000,  9.659,  0.507, -1.382
ori,14161665398000, 206.025, -173.083, 86.950
gyr,14161711362000,  0.187,  0.158, -0.007
acc,14161824836000,  9.831,  0.345, -0.901
ori,14161824836000, 205.373, -173.333, 87.953
gyr,14161872387000,  0.161, -0.002, -0.047
acc,14161978964000,  9.441,  0.130, -1.176
ori,14161978964000, 209.861, -173.918, 87.547
gyr,14162027278000,  0.054,  0.055,  0.028
acc,14162141424000,  9.732,  0.631, -0.767
ori,14162141424000, 211.525, -174.571, 87.272
gyr,14162185526000,  0.093,  0.051,  0.017
acc,14162302419000,  9.852,  0.633, -0.553
ori,14162302419000, 211.391, -175.216, 87.000
gyr,14162338159000,  0.117,  0.072, -0.010
acc,14162463780000,  9.790,  0.502, -0.740
ori,14162463780000, 212.135, -176.011, 86.698
gyr,14162488899000,  0.011, -0.028,  0.013
acc,14162614093000,  9.929,  0.545, -0.646
ori,14162614093000, 210.069, -177.236, 86.247
gyr,14162648093000,  0.029, -0.090,  0.215
acc,14162773288000,  9.733,  0.030, -0.858
ori,14162773288000, 206.339, -179.265, 85.648
gyr,14162809973000, -0.032, -0.074,  0.159
acc,14162933672000,  9.768,  0.566, -0.877
ori,14162933672000, 205.628, 179.273, 84.732
gyr,14162967580000, -0.105, -0.087,  0.088
acc,14163091096000,  9.767, -0.273, -1.080
ori,14163091096000, 205.211, 178.196, 83.969
gyr,14163124882000, -0.003,  0.028,  0.057
acc,14163250443000,  9.959,  0.463, -0.937
ori,14163250443000, 203.929, 177.653, 83.854
gyr,14163275470000, -0.084, -0.120,  0.018
acc,14163402557000,  9.858, -0.421, -0.683
ori,14163402557000, 205.791, 177.699, 82.326
gyr,14163425569000, -0.046,  0.277, -0.146
acc,14163564986000,  9.642, -0.091, -1.324
ori,14163564986000, 205.771, 177.895, 82.027
gyr,14163577194000, -0.047,  0.001, -0.002
acc,14163715055000,  9.795,  0.042, -1.270
ori,14163715055000, 204.944, 178.264, 82.095
gyr,14163736968000,  0.074,  0.094, -0.077
acc,14163878125000,  9.804, -0.193, -1.367
ori,14163878125000, 203.031, 177.666, 81.855
gyr,14163889295000, -0.010, -0.093,  0.204
acc,14164028468000,  9.970,  0.010, -0.438
ori,14164028468000, 202.559, 178.745, 83.338
gyr,14164049772000,  0.120,  0.010, -0.517
acc,14164189982000,  9.562,  0.479, -1.508
ori,14164189982000, 204.487, -179.784, 82.935
gyr,14164201122000,  0.062,  0.269, -0.102
gyr,14164352137000, -0.058,  0.068,  0.056
acc,14164353358000, 10.062,  0.804, -0.714
ori,14164353358000, 203.932, -177.956, 85.734
acc,14164503518000, 10.084,  0.527, -0.588
ori,14164503518000, 206.142, -177.575, 85.320
gyr,14164514292000,  0.042, -0.291, -0.246
acc,14164664879000, 11.292,  1.181, -0.654
ori,14164664879000, 208.976, -178.578, 82.958
gyr,14164675989000, -0.003, -0.196,  0.052
acc,14164818336000,  9.737,  0.745, -1.248
ori,14164818336000, 209.843, -178.499, 82.317
gyr,14164835793000, -0.025, -0.019,  0.045
acc,14164979941000,  9.553,  0.551, -1.057
ori,14164979941000, 207.419, -179.155, 82.200
gyr,14164995567000, -0.008,  0.031,  0.056
acc,14165130071000,  9.567,  0.353, -1.268
ori,14165130071000, 206.908, -179.234, 82.007
gyr,14165147925000, -0.007,  0.068, -0.002
acc,14165289112000,  9.912,  0.524, -1.067
ori,14165289112000, 206.538, -179.405, 82.267
gyr,14165306387000, -0.003,  0.047,  0.070
acc,14165449283000,  9.869,  0.470, -1.111
ori,14165449283000, 206.613, -179.708, 82.602
gyr,14165465856000, -0.007, -0.006,  0.041
acc,14165610583000,  9.865,  0.424, -0.836
ori,14165610583000, 206.599, -179.940, 82.726
gyr,14165626790000,  0.013, -0.005,  0.019
acc,14165761751000,  8.182,  1.176, -1.536
ori,14165761751000, 207.565, -179.339, 82.994
gyr,14165777011000,  0.172,  0.348, -0.360
acc,14165912186000,  9.708,  0.326, -0.821
ori,14165912186000, 208.741, -178.658, 83.542
gyr,14165939349000, -0.010,  0.165, -0.098
acc,14166074218000, 10.356,  0.804, -0.451
ori,14166074218000, 207.872, -177.540, 85.626
gyr,14166100283000, -0.066,  0.396, -0.268
acc,14166225599000, 10.639,  0.704,  0.235
ori,14166225599000, 200.761, -1.916, 87.948
gyr,14166255052000,  0.282,  1.761,  0.607
acc,14166387663000, 12.019, -1.183,  3.523
ori,14166387663000, 195.509,  5.192, 68.384
gyr,14166405822000, -0.539,  1.615,  0.063
acc,14166549268000,  8.738, -0.242,  6.577
ori,14166549268000, 198.971,  3.899, 59.002
gyr,14166563216000,  0.332,  0.384, -0.406
acc,14166707943000,  5.829,  0.706,  5.919
ori,14166707943000, 185.076, -0.405, 54.524
gyr,14166721098000,  0.154, -0.085, -0.206
acc,14166858134000,  6.989,  0.299,  4.946
ori,14166858134000, 178.231, -1.333, 56.191
gyr,14166871533000, -0.080, -0.242,  0.130
acc,14167014765000,  8.116,  0.217,  5.250
ori,14167014765000, 173.323, -0.575, 57.801
gyr,14167021815000,  0.029, -0.190,  0.092
acc,14167175577000,  8.447,  0.270,  4.040
ori,14167175577000, 177.614,  0.683, 61.768
gyr,14167179544000, -0.035, -0.322,  0.145
acc,14167335686000,  8.818,  0.015,  4.196
ori,14167335686000, 177.834,  1.234, 64.890
gyr,14167339135000,  0.017, -0.184,  0.050
acc,14167496590000, 10.089,  0.086,  4.482
ori,14167496590000, 178.794,  1.994, 68.911
gyr,14167499947000, -0.149, -0.537,  0.026
acc,14167658439000,  9.629, -0.338,  1.673
ori,14167658439000, 182.058,  2.442, 76.198
gyr,14167661186000, -0.140, -0.718, -0.020
acc,14167820167000,  9.531, -0.329,  0.918
ori,14167820167000, 181.273,  4.139, 83.038
gyr,14167823524000, -0.510, -0.923,  0.164
acc,14167981742000,  9.595, -0.241,  0.418
ori,14167981742000, 183.388,  5.231, 87.721
gyr,14167985435000, -0.446, -0.267,  0.162
acc,14168142859000,  8.950, -1.329,  0.416
ori,14168142859000, 187.275, 173.751, 89.970
gyr,14168146246000, -0.519, -0.057,  0.105
acc,14168304464000,  9.502, -1.104,  0.702
ori,14168304464000, 181.563,  6.422, 88.734
gyr,14168305685000, -0.321,  0.170, -0.112
gyr,14168457554000, -0.276,  0.391, -0.130
acc,14168468175000,  9.880, -0.617,  1.583
ori,14168468175000, 173.094,  5.260, 84.595
gyr,14168618580000,  0.124, -0.026,  0.054
acc,14168631307000,  8.654, -0.625,  0.728
ori,14168631307000, 177.668,  5.154, 83.085
gyr,14168769686000, -0.239,  0.391,  0.058
acc,14168790684000,  9.089, -0.200,  3.131
ori,14168790684000, 177.620,  5.873, 81.582
gyr,14168933001000,  0.999,  1.276,  0.087
acc,14168950947000, 10.329, -1.069,  4.365
ori,14168950947000, 160.850,  4.980, 68.307
gyr,14169087525000,  0.426,  0.392, -0.221
acc,14169101320000,  9.109,  0.141,  5.744
ori,14169101320000, 155.600,  0.913, 60.874
gyr,14169249344000, -0.391, -1.091, -0.394
acc,14169252030000,  8.322,  1.234,  2.856
ori,14169252030000, 166.971, -1.670, 63.187
acc,14169402831000,  8.194,  1.203,  1.775
ori,14169402831000, 188.108, -2.592, 74.067
gyr,14169410767000,  0.273, -0.592,  0.250
acc,14169561903000, 12.996, -2.623,  2.605
ori,14169561903000, 177.829, -0.489, 74.491
gyr,14169569900000,  0.539,  0.773, -0.316
acc,14169723539000,  8.452,  1.028,  3.011
ori,14169723539000, 171.758, -3.167, 72.211
gyr,14169731597000,  0.113, -0.717, -0.094
acc,14169882642000,  9.728,  0.940,  4.004
ori,14169882642000, 172.244, -2.550, 70.884
gyr,14169892378000, -0.226,  0.603, -0.136
acc,14170042386000,  8.323,  1.116,  3.147
ori,14170042386000, 168.863, -4.390, 70.451
gyr,14170053922000, -0.057, -0.123, -0.175
acc,14170203472000,  8.290,  0.003,  3.323
ori,14170203472000, 164.209, -3.771, 66.251
gyr,14170214063000, -0.208,  0.379,  0.152
acc,14170367397000,  8.581,  0.316,  5.862
ori,14170367397000, 164.520, -0.785, 61.153
gyr,14170375943000, -0.189,  0.515,  0.124
acc,14170528972000,  7.763, -0.013,  5.259
ori,14170528972000, 168.564, -0.896, 58.507
gyr,14170535686000, -0.275, -0.030, -0.040
gyr,14170686304000,  0.095, -0.226,  0.096
acc,14170691890000,  5.613,  1.026,  8.473
ori,14170691890000, 170.134,  0.431, 57.656
gyr,14170842325000,  0.455, -0.672,  0.060
acc,14170849588000,  7.564,  0.315,  5.538
ori,14170849588000, 174.405,  0.444, 59.033
gyr,14170997948000,  0.089, -0.451, -0.259
acc,14171006219000,  8.026,  0.636,  4.394
ori,14171006219000, 179.466, -0.434, 61.709
gyr,14171159584000, -0.103, -0.122,  0.324
acc,14171163460000,  9.155,  0.031,  4.754
ori,14171163460000, 177.442,  0.215, 62.568
gyr,14171321067000,  0.431, -0.030,  0.502
acc,14171326286000,  7.845, -1.304,  4.095
ori,14171326286000, 177.287,  1.560, 64.235
gyr,14171482673000,  0.107,  0.057,  0.341
acc,14171485175000, 10.540,  0.130,  4.881
ori,14171485175000, 172.578,  3.551, 63.678
gyr,14171642630000,  0.415, -0.059,  0.052
acc,14171644675000,  8.694,  0.758,  4.753
ori,14171644675000, 171.789,  1.287, 65.248
gyr,14171803106000,  0.884,  0.089,  0.237
acc,14171805914000,  9.547, -0.450,  3.974
ori,14171805914000, 164.368, -1.843, 64.653
acc,14171956959000,  8.593, -0.487,  4.088
ori,14171956959000, 162.180,  0.231, 64.155
gyr,14171961964000, -0.205,  0.327,  0.805
acc,14172116672000,  8.529, -0.939,  4.462
ori,14172116672000, 160.935,  3.063, 64.128
gyr,14172120121000, -0.087, -0.541, -0.049
gyr,14172271411000,  0.123, -0.109,  0.185
acc,14172272448000,  8.623, -1.049,  4.481
ori,14172272448000, 161.632,  2.973, 65.152
acc,14172424348000,  8.768, -0.880,  4.326
ori,14172424348000, 156.618,  4.037, 63.836
gyr,14172433504000,  0.267,  0.036,  0.143
acc,14172578842000,  9.510, -1.822,  3.725
ori,14172578842000, 157.847,  2.909, 66.056
gyr,14172592180000,  0.002, -0.596,  0.022
acc,14172740783000,  8.343, -0.219,  2.822
ori,14172740783000, 169.045,  3.251, 72.630
gyr,14172742218000,  0.121, -0.677,  0.042
acc,14172893416000,  9.347, -0.229,  1.735
ori,14172893416000, 166.432,  2.090, 79.281
gyr,14172895644000,  0.780, -0.478, -0.360
acc,14173054563000,  8.727, -0.127,  1.637
ori,14173054563000, 152.441, -2.154, 81.776
gyr,14173055815000,  0.608,  0.055, -0.142
gyr,14173205853000,  0.030,  0.136,  0.179
acc,14173216474000,  9.610, -0.002,  1.941
ori,14173216474000, 148.856, -0.861, 81.002
gyr,14173368709000, -0.053, -0.004,  0.009
acc,14173378018000,  9.938,  0.099,  1.823
ori,14173378018000, 146.307, -0.281, 80.153
acc,14173528667000,  9.552,  0.343,  1.369
ori,14173528667000, 147.517, -0.276, 80.970
gyr,14173529888000, -0.025, -0.051,  0.030
gyr,14173681726000,  0.060,  0.051,  0.071
acc,14173688929000,  9.747, -0.008,  1.538
ori,14173688929000, 147.946,  0.152, 81.104
gyr,14173842721000, -0.066,  0.019,  0.031
acc,14173850260000,  9.751,  0.042,  1.605
ori,14173850260000, 147.415,  0.514, 80.634
acc,14174000695000,  9.749,  0.001,  1.635
ori,14174000695000, 146.545,  0.660, 80.534
gyr,14174005700000,  0.044,  0.002,  0.012
acc,14174163246000,  9.697, -0.090,  1.641
ori,14174163246000, 146.385,  0.804, 80.474
gyr,14174164498000,  0.002,  0.023,  0.025
acc,14174326378000,  9.762, -0.140,  1.693
ori,14174326378000, 145.102,  1.021, 80.237
gyr,14174327629000,  0.017,  0.048,  0.032
acc,14174487708000,  9.682, -0.154,  1.769
ori,14174487708000, 146.164,  1.110, 80.062
gyr,14174491768000,  0.015,  0.020,  0.025
acc,14174648032000,  9.696, -0.144,  1.693
ori,14174648032000, 146.636,  1.233, 80.079
gyr,14174652763000, -0.002, -0.010,  0.016
acc,14174807470000,  9.682, -0.237,  1.694
ori,14174807470000, 146.971,  1.344, 80.136
gyr,14174812476000,  0.013,  0.017,  0.028
acc,14174968099000,  9.688, -0.174,  1.678
ori,14174968099000, 147.106,  1.473, 80.103
gyr,14174971426000,  0.001,  0.015,  0.020
acc,14175128758000,  9.595, -0.168,  1.663
ori,14175128758000, 145.955,  1.498, 80.064
gyr,14175132482000,  0.020,  0.018,  0.028
acc,14175288777000,  9.655, -0.157,  1.727
ori,14175288777000, 145.523,  1.520, 79.906
gyr,14175292409000, -0.006,  0.017,  0.010
acc,14175452885000,  9.671, -0.234,  1.778
ori,14175452885000, 144.922,  1.484, 79.702
gyr,14175454105000,  0.006,  0.026, -0.007
acc,14175603442000,  9.515, -0.209,  1.796
ori,14175603442000, 144.409,  1.416, 79.528
gyr,14175606036000,  0.003,  0.042,  0.002
acc,14175765139000,  9.637, -0.181,  1.943
ori,14175765139000, 143.113,  1.474, 78.914
gyr,14175767885000, -0.036,  0.072,  0.017
acc,14175925371000,  9.544, -0.330,  1.941
ori,14175925371000, 141.980,  1.561, 78.451
gyr,14175927934000,  0.016,  0.034,  0.032
acc,14176089784000,  9.307, -0.160,  2.275
ori,14176089784000, 142.796,  2.024, 77.707
gyr,14176091066000, -0.062,  0.089, -0.029
acc,14176248001000,  9.607, -0.330,  2.334
ori,14176248001000, 142.210,  1.939, 76.621
gyr,14176252122000, -0.058,  0.109,  0.003
acc,14176409149000,  9.694, -0.294,  2.443
ori,14176409149000, 142.059,  1.921, 75.788
gyr,14176411377000, -0.015,  0.089,  0.007
acc,14176572402000,  9.398, -0.356,  2.495
ori,14176572402000, 142.840,  2.186, 75.217
gyr,14176573623000, -0.051,  0.075,  0.019
acc,14176732268000,  9.564, -0.369,  2.564
ori,14176732268000, 143.505,  2.366, 74.754
gyr,14176735076000, -0.047,  0.114,  0.007
acc,14176894331000,  9.575, -0.294,  2.735
ori,14176894331000, 143.107,  2.345, 74.093
gyr,14176896193000, -0.020,  0.090,  0.011
acc,14177055265000,  9.358, -0.423,  2.877
ori,14177055265000, 143.175,  2.409, 73.416
gyr,14177057768000,  0.010,  0.050,  0.017
acc,14177205914000,  9.363, -0.381,  2.844
ori,14177205914000, 143.062,  2.404, 73.145
gyr,14177219434000, -0.005,  0.042,  0.003
acc,14177367550000, 11.180, -0.278, -0.339
ori,14177367550000, 146.085,  2.350, 74.464
gyr,14177381436000,  0.008,  0.020,  0.077
acc,14177529674000,  9.467, -0.365,  3.133
ori,14177529674000, 141.941,  2.515, 72.457
gyr,14177543774000,  0.009, -0.016,  0.007
acc,14177690638000,  9.813, -0.392,  2.657
ori,14177690638000, 145.454,  2.407, 73.977
gyr,14177708645000,  0.007,  0.049, -0.021
acc,14177842966000,  9.224, -0.399,  2.856
ori,14177842966000, 141.761,  2.511, 72.248
gyr,14177858653000, -0.003,  0.077,  0.011
acc,14178005548000,  9.340, -0.443,  2.764
ori,14178005548000, 146.132,  2.430, 73.540
gyr,14178018793000,  0.001,  0.233,  0.009
acc,14178156837000,  9.345, -0.991,  4.062
ori,14178156837000, 145.253,  2.796, 72.941
gyr,14178170541000, -0.078,  0.104,  0.018
acc,14178317740000,  9.458, -0.407,  2.959
ori,14178317740000, 144.635,  3.187, 72.745
gyr,14178322349000, -0.023, -0.038,  0.049
acc,14178479712000,  9.468, -0.712,  2.801
ori,14178479712000, 145.115,  3.341, 73.069
gyr,14178483191000,  0.008, -0.050,  0.014
acc,14178643545000,  9.482, -0.566,  2.750
ori,14178643545000, 145.021,  3.301, 73.364
gyr,14178644827000,  0.009, -0.026,  0.008
acc,14178804571000,  9.351, -0.637,  2.634
ori,14178804571000, 145.601,  3.518, 73.797
gyr,14178807165000, -0.005, -0.020,  0.072
acc,14178964559000,  9.513, -0.853,  2.696
ori,14178964559000, 145.460,  3.920, 73.816
gyr,14178967306000, -0.017,  0.006,  0.018
acc,14179115116000,  9.257, -0.821,  2.669
ori,14179115116000, 145.446,  3.998, 73.826
gyr,14179129155000, -0.013, -0.014,  0.028
acc,14179278003000,  9.373, -0.739,  2.729
ori,14179278003000, 145.602,  4.084, 73.818
gyr,14179291371000,  0.018,  0.003,  0.007
acc,14179435122000,  9.213, -0.775,  2.603
ori,14179435122000, 145.851,  4.094, 73.934
gyr,14179441653000,  0.020,  0.012,  0.008
acc,14179595751000,  9.438, -0.635,  2.734
ori,14179595751000, 145.701,  4.173, 73.792
gyr,14179598406000, -0.004,  0.020,  0.015
acc,14179757753000,  9.372, -0.786,  2.770
ori,14179757753000, 144.906,  4.221, 73.860
gyr,14179758790000, -0.002,  0.018,  0.014
gyr,14179909195000,  0.011,  0.011,  0.021
acc,14179915940000,  9.456, -0.745,  2.698
ori,14179915940000, 144.856,  4.328, 73.828
gyr,14180059233000, -0.022, -0.005,  0.022
acc,14180076752000,  9.128, -0.726,  2.728
ori,14180076752000, 144.041,  4.557, 73.358
gyr,14180210736000,  0.046,  0.011,  0.023
acc,14180227827000,  9.367, -0.845,  2.802
ori,14180227827000, 142.728,  4.621, 73.281
gyr,14180363094000, -0.018, -0.023, -0.046
acc,14180378507000,  9.167, -1.074,  2.765
ori,14180378507000, 142.859,  4.661, 73.442
gyr,14180513864000,  0.008, -0.002,  0.026
acc,14180528514000,  9.446, -0.792,  2.614
ori,14180528514000, 143.109,  4.683, 73.529
gyr,14180674005000, -0.001, -0.312,  0.046
acc,14180687739000, 10.767, -0.598,  2.052
ori,14180687739000, 142.782,  4.834, 73.291
gyr,14180830574000, -0.015, -0.004, -0.006
acc,14180848062000,  9.453, -0.709,  2.765
ori,14180848062000, 142.338,  4.651, 73.223
gyr,14180989860000,  0.011, -0.014,  0.014
acc,14181009057000,  9.331, -0.778,  2.665
ori,14181009057000, 141.720,  4.608, 73.457
gyr,14181149360000, -0.030,  0.021,  0.021
acc,14181171762000,  9.458, -0.696,  2.702
ori,14181171762000, 141.406,  4.697, 73.314
gyr,14181310080000, -0.013, -0.001,  0.008
acc,14181333519000,  9.173, -0.710,  2.772
ori,14181333519000, 141.873,  4.686, 73.530
gyr,14181469579000, -0.014,  0.018,  0.004
acc,14181488746000,  9.402, -0.736,  2.668
ori,14181488746000, 141.918,  4.720, 73.513
gyr,14181621693000,  0.005,  0.024, -0.008
acc,14181639913000,  9.237, -0.801,  2.817
ori,14181639913000, 142.319,  4.657, 73.700
gyr,14181773288000, -0.002,  0.016, -0.001
acc,14181794896000,  9.451, -0.772,  2.744
ori,14181794896000, 142.045,  4.672, 73.590
gyr,14181932146000,  0.001,  0.025, -0.003
acc,14181954914000,  9.369, -0.811,  2.795
ori,14181954914000, 141.732,  4.587, 73.511
gyr,14182083649000, -0.009,  0.008,  0.006
acc,14182106814000,  9.258,  0.162,  6.281
ori,14182106814000, 141.373,  4.475, 73.216
gyr,14182245346000, -0.021,  0.025,  0.018
acc,14182267382000,  9.374, -0.754,  2.787
ori,14182267382000, 140.951,  4.509, 73.272
gyr,14182406127000,  0.019,  0.031, -0.003
acc,14182429109000,  9.473, -0.712,  2.820
ori,14182429109000, 140.949,  4.496, 73.279
gyr,14182565261000, -0.011,  0.012,  0.005
acc,14182591172000,  9.456, -0.748,  2.796
ori,14182591172000, 140.794,  4.479, 73.232
gyr,14182717985000,  0.015,  0.019, -0.011
acc,14182751160000,  9.443, -0.863,  2.807
ori,14182751160000, 140.702,  4.391, 73.267
gyr,14182879315000, -0.006,  0.010,  0.003
acc,14182902785000, 10.342, -1.549,  3.647
ori,14182902785000, 140.666,  4.386, 73.144
gyr,14183029506000, -0.026,  0.029,  0.019
acc,14183053342000,  9.431, -0.740,  2.781
ori,14183053342000, 140.404,  4.397, 73.135
gyr,14183189250000,  0.022, -0.026,  0.111
acc,14183213941000,  9.461, -0.904,  2.546
ori,14183213941000, 141.344,  4.382, 73.054
gyr,14183348658000, -0.018,  0.021,  0.006
acc,14183371700000,  9.394, -0.660,  2.805
ori,14183371700000, 141.449,  4.392, 72.929
gyr,14183500008000,  0.012,  0.004, -0.005
acc,14183530773000,  9.324, -0.928,  2.838
ori,14183530773000, 142.555,  4.429, 73.341
gyr,14183661797000, -0.006,  0.019, -0.010
acc,14183691066000, 10.452,  0.593,  2.034
ori,14183691066000, 141.913,  4.257, 73.204
gyr,14183824318000, -0.013,  0.019, -0.008
acc,14183849131000,  9.395, -0.722,  2.889
ori,14183849131000, 141.208,  4.209, 72.954
gyr,14183986320000, -0.001,  0.008,  0.003
acc,14183999962000,  9.330, -0.852,  2.637
ori,14183999962000, 142.803,  4.129, 73.262
gyr,14184137762000, -0.017,  0.024, -0.004
acc,14184151526000,  9.394, -0.644,  2.874
ori,14184151526000, 142.618,  4.084, 73.097
gyr,14184296712000,  0.021, -0.009,  0.007
acc,14184311362000,  9.276, -0.867,  2.907
ori,14184311362000, 142.418,  3.941, 72.808
gyr,14184447574000,  0.003,  0.010,  0.001
acc,14184461980000,  9.413, -0.622,  2.912
ori,14184461980000, 143.026,  3.924, 72.764
gyr,14184609424000, -0.010,  0.025,  0.011
acc,14184623402000,  9.409, -0.707,  2.889
ori,14184623402000, 142.432,  3.943, 72.341
gyr,14184772341000,  0.003, -0.005,  0.119
acc,14184773593000, 10.813, -0.669,  2.103
ori,14184773593000, 141.188,  4.018, 71.915
gyr,14184926927000, -0.001,  0.019,  0.007
acc,14184928148000,  9.369, -0.694,  2.910
ori,14184928148000, 141.418,  4.044, 71.834
acc,14185078278000,  9.493, -0.776,  2.831
ori,14185078278000, 141.687,  4.136, 71.864
gyr,14185088471000,  0.002,  0.009,  0.030
acc,14185237350000,  9.316, -0.716,  2.887
ori,14185237350000, 141.613,  4.152, 71.830
gyr,14185248154000, -0.003,  0.018, -0.006
acc,14185389341000,  9.325, -0.766,  3.027
ori,14185389341000, 142.316,  4.213, 72.080
gyr,14185409637000, -0.004,  0.025, -0.004
acc,14185552656000,  9.363, -0.692,  3.008
ori,14185552656000, 141.692,  4.158, 71.974
gyr,14185567611000,  0.023, -0.270,  0.076
acc,14185713986000,  9.392, -0.687,  3.051
ori,14185713986000, 142.318,  4.047, 71.836
gyr,14185727904000, -0.016,  0.035, -0.009
acc,14185871411000,  9.506, -0.487,  3.458
ori,14185871411000, 142.806,  4.001, 71.938
gyr,14185889601000, -0.005,  0.021,  0.014
acc,14186028865000,  9.339, -0.667,  3.034
ori,14186028865000, 142.479,  4.002, 71.830
gyr,14186045499000, -0.009,  0.017,  0.010
acc,14186190715000,  9.256, -0.611,  3.124
ori,14186190715000, 142.567,  4.008, 71.852
gyr,14186205670000, -0.014,  0.036,  0.006
acc,14186344934000,  9.364, -0.658,  3.118
ori,14186344934000, 142.206,  4.009, 71.705
gyr,14186358577000, -0.030, -0.042,  0.016
acc,14186505166000,  9.379, -0.713,  3.069
ori,14186505166000, 141.867,  4.082, 71.524
gyr,14186509256000, -0.018,  0.004,  0.023
acc,14186665886000,  9.183, -0.781,  3.001
ori,14186665886000, 142.380,  4.100, 71.685
gyr,14186669610000,  0.001,  0.032, -0.002
acc,14186826423000,  9.263, -0.676,  3.109
ori,14186826423000, 142.224,  4.065, 71.676
gyr,14186829903000, -0.004,  0.008, -0.010
acc,14186987571000,  9.321, -0.590,  3.114
ori,14186987571000, 142.073,  3.987, 71.670
gyr,14186988822000, -0.016,  0.012,  0.001
acc,14187146308000,  8.870,  0.103,  6.410
ori,14187146308000, 141.894,  3.883, 71.433
gyr,14187151679000,  0.036, -0.365,  0.106
acc,14187305899000,  9.395, -0.611,  3.089
ori,14187305899000, 142.282,  3.976, 71.766
gyr,14187313010000, -0.016,  0.004,  0.016
gyr,14187464391000, -0.004,  0.031, -0.003
acc,14187465642000,  9.377, -0.699,  2.866
ori,14187465642000, 144.410,  3.997, 72.160
gyr,14187627583000, -0.005,  0.010, -0.004
acc,14187628865000,  9.327, -0.631,  3.100
ori,14187628865000, 144.595,  3.970, 72.031
gyr,14187786778000, -0.005,  0.005, -0.011
acc,14187790593000,  9.327, -0.730,  3.064
ori,14187790593000, 145.124,  3.980, 72.232
gyr,14187950275000,  0.003,  0.017, -0.004
acc,14187951526000,  9.300, -0.661,  3.049
ori,14187951526000, 145.873,  3.912, 72.135
gyr,14188109256000, -0.019,  0.022,  0.013
acc,14188112491000,  9.391, -0.752,  3.141
ori,14188112491000, 144.849,  3.835, 71.762
gyr,14188260057000,  0.087,  0.258, -0.051
acc,14188262560000,  9.373, -1.633,  5.370
ori,14188262560000, 144.546,  3.652, 71.104
gyr,14188422090000,  0.030, -0.005,  0.050
acc,14188423646000,  9.194, -0.435,  3.150
ori,14188423646000, 143.026,  3.760, 71.114
gyr,14188581772000, -0.013,  0.024,  0.013
acc,14188583512000,  9.242, -0.796,  3.194
ori,14188583512000, 143.287,  3.990, 71.021
gyr,14188732329000, -0.004, -0.020,  0.017
acc,14188733550000,  9.275, -0.546,  3.119
ori,14188733550000, 143.350,  4.062, 71.028
acc,14188888197000,  9.351, -0.653,  3.135
ori,14188888197000, 143.614,  4.061, 71.116
gyr,14188891401000,  0.003,  0.007,  0.005
acc,14189048062000,  9.316, -0.589,  3.130
ori,14189048062000, 143.407,  3.944, 71.112
gyr,14189052274000, -0.014,  0.007,  0.005
gyr,14189206463000,  0.014,  0.017,  0.019
acc,14189207959000,  9.276, -0.613,  3.156
ori,14189207959000, 143.145,  3.865, 71.065
acc,14189358912000,  9.351, -0.759,  3.179
ori,14189358912000, 143.066,  3.989, 70.966
gyr,14189366207000,  0.011,  0.006,  0.029
acc,14189513407000,  9.260, -0.739,  3.182
ori,14189513407000, 143.338,  4.162, 70.930
gyr,14189528606000,  0.004,  0.010,  0.012
acc,14189664513000,  9.288, -0.719,  3.218
ori,14189664513000, 143.335,  4.137, 70.933
gyr,14189680445000, -0.026,  0.000,  0.008
acc,14189817634000,  9.291, -0.676,  3.175
ori,14189817634000, 142.839,  4.178, 71.031
gyr,14189831307000,  0.012, -0.010, -0.020
acc,14189983878000,  8.814,  3.126,  4.252
ori,14189983878000, 142.375,  3.819, 71.029
gyr,14189985160000,  0.027, -0.009,  0.112
acc,14190143500000,  9.371, -0.635,  3.192
ori,14190143500000, 142.228,  3.961, 71.101
gyr,14190146063000, -0.061,  0.021,  0.005
acc,14190305410000,  9.571, -0.672,  3.363
ori,14190305410000, 141.718,  3.805, 71.028
gyr,14190306570000,  0.010, -0.012, -0.080
gyr,14190457402000,  0.031,  0.007, -0.002
acc,14190467473000,  9.364, -0.702,  3.180
ori,14190467473000, 141.375,  3.595, 71.055
gyr,14190619495000, -0.044,  0.038,  0.006
acc,14190629323000,  9.337, -0.761,  3.133
ori,14190629323000, 141.432,  3.491, 71.169
gyr,14190770937000, -0.007,  0.011,  0.035
acc,14190779422000,  9.283, -0.766,  3.163
ori,14190779422000, 141.212,  3.496, 71.090
gyr,14190932299000, -0.049,  0.020,  0.039
acc,14190940478000,  9.420, -0.523,  3.185
ori,14190940478000, 141.314,  3.586, 71.041
gyr,14191093996000,  0.011, -0.005, -0.014
acc,14191101809000,  9.367, -0.538,  3.168
ori,14191101809000, 141.895,  3.810, 71.100
gyr,14191254075000,  0.037,  0.018, -0.022
acc,14191263567000,  9.315, -0.725,  3.166
ori,14191263567000, 141.444,  3.681, 71.001
acc,14191414215000,  9.129, -0.900,  3.148
ori,14191414215000, 141.249,  3.559, 71.045
gyr,14191416199000, -0.016,  0.031,  0.007
acc,14191567580000, 10.149, -1.279,  2.553
ori,14191567580000, 140.861,  3.538, 70.983
gyr,14191568832000,  0.179,  0.042,  0.700
acc,14191728087000,  9.474, -0.357,  3.261
ori,14191728087000, 141.583,  3.929, 70.869
gyr,14191732329000, -0.042,  0.036,  0.002
acc,14191891523000,  9.410, -0.886,  3.189
ori,14191891523000, 142.914,  4.076, 70.883
gyr,14191892744000,  0.069, -0.014, -0.243
acc,14192051694000,  9.360, -0.637,  3.281
ori,14192051694000, 142.627,  3.935, 70.797
gyr,14192052671000,  0.038,  0.004, -0.004
acc,14192210522000,  8.711, -0.998,  3.235
ori,14192210522000, 142.398,  3.751, 70.844
gyr,14192211530000, -0.021,  0.023,  0.028
gyr,14192362514000, -0.008,  0.002,  0.008
acc,14192372341000,  9.238, -0.794,  3.221
ori,14192372341000, 142.258,  3.836, 70.722
gyr,14192523234000, -0.093,  0.032,  0.041
acc,14192534405000,  9.383, -0.411,  3.265
ori,14192534405000, 142.694,  4.076, 70.709
acc,14192684687000,  9.075, -1.717,  2.828
ori,14192684687000, 142.254,  4.469, 70.727
gyr,14192685938000,  0.088,  0.026, -0.029
acc,14192844675000,  9.285, -0.494,  3.303
ori,14192844675000, 142.971,  4.213, 70.704
gyr,14192848398000,  0.015,  0.003, -0.018
acc,14193006738000,  9.085, -1.677,  2.872
ori,14193006738000, 143.057,  4.121, 70.737
gyr,14193009729000, -0.011, -0.010, -0.236
acc,14193167214000,  9.309, -0.735,  3.281
ori,14193167214000, 141.945,  4.014, 70.553
gyr,14193170693000,  0.032,  0.012, -0.014
acc,14193325493000,  9.335, -0.515,  3.291
ori,14193325493000, 141.805,  4.033, 70.568
gyr,14193330620000, -0.084,  0.027,  0.041
acc,14193487525000,  8.600,  4.075,  4.824
ori,14193487525000, 141.617,  3.692, 70.420
gyr,14193491401000,  0.124, -0.018,  0.574
acc,14193648032000,  9.270, -0.350,  3.323
ori,14193648032000, 141.985,  3.954, 70.492
gyr,14193653037000, -0.033,  0.011,  0.005
acc,14193807379000,  9.003, -1.431,  2.880
ori,14193807379000, 142.509,  4.157, 70.664
gyr,14193811377000,  0.067, -0.026, -0.020
acc,14193968160000,  9.383, -0.525,  3.333
ori,14193968160000, 143.284,  3.960, 70.596
gyr,14193970419000,  0.021,  0.010, -0.010
acc,14194129918000,  9.146, -0.196,  3.618
ori,14194129918000, 143.442,  3.817, 70.728
gyr,14194131291000, -0.089, -0.056,  0.073
acc,14194289143000,  9.272, -0.822,  3.157
ori,14194289143000, 143.590,  3.994, 70.713
gyr,14194292409000,  0.007,  0.001, -0.014
acc,14194442630000,  9.085, -1.143,  3.099
ori,14194442630000, 143.004,  3.664, 70.695
gyr,14194444186000, -0.118,  0.067,  0.035
gyr,14194596514000, -0.088,  0.045,  0.068
acc,14194602709000,  9.219, -0.861,  3.339
ori,14194602709000, 142.477,  4.109, 70.179
gyr,14194759431000, -0.183,  0.067,  0.075
acc,14194761934000,  9.216, -0.646,  3.502
ori,14194761934000, 143.431,  4.837, 69.851
gyr,14194924424000, -0.040, -0.041,  0.943
acc,14194925645000,  9.516, -0.455,  3.032
ori,14194925645000, 143.114,  5.954, 69.560
acc,14195077667000,  9.225, -0.848,  3.640
ori,14195077667000, 145.254,  6.450, 69.379
gyr,14195083527000, -0.167,  0.017,  0.031
acc,14195229476000,  9.311, -2.303,  3.197
ori,14195229476000, 146.427,  7.192, 69.351
gyr,14195245804000, -0.108, -0.024, -0.087
acc,14195380185000,  9.198, -1.038,  3.450
ori,14195380185000, 147.576,  7.625, 69.445
gyr,14195396178000, -0.108,  0.007,  0.009
acc,14195538372000,  9.061, -1.587,  3.305
ori,14195538372000, 148.161,  8.074, 69.621
gyr,14195557844000, -0.125, -0.000, -0.019
acc,14195697475000,  9.102, -1.533,  3.284
ori,14195697475000, 148.347,  8.316, 69.771
gyr,14195718595000, -0.141,  0.034,  0.003
acc,14195855998000,  8.992, -1.460,  3.419
ori,14195855998000, 148.673,  8.581, 69.697
gyr,14195880322000, -0.235,  0.091,  0.060
acc,14196006768000,  9.075, -1.793,  3.377
ori,14196006768000, 148.619,  9.268, 69.385
gyr,14196039639000, -0.127,  0.055,  0.017
acc,14196168404000,  9.063, -1.736,  3.530
ori,14196168404000, 149.032,  9.730, 69.049
gyr,14196202038000, -0.071,  0.063,  0.010
acc,14196329613000,  9.039, -1.718,  3.529
ori,14196329613000, 149.056,  9.910, 68.766
gyr,14196353632000, -0.014,  0.016, -0.021
acc,14196482550000,  9.035, -1.721,  3.519
ori,14196482550000, 149.629,  9.834, 68.642
gyr,14196505837000, -0.037,  0.023, -0.010
acc,14196643454000,  8.990, -1.676,  3.491
ori,14196643454000, 150.219,  9.696, 68.587
gyr,14196667443000, -0.004,  0.031, -0.019
acc,14196805853000,  9.024, -1.693,  3.547
ori,14196805853000, 150.087,  9.454, 68.349
gyr,14196829476000,  0.021,  0.027, -0.014
acc,14196969015000,  8.966, -1.597,  3.633
ori,14196969015000, 148.714,  8.940, 68.025
gyr,14196980338000,  0.056,  0.061, -0.076
acc,14197131932000,  9.069, -1.335,  3.729
ori,14197131932000, 146.330,  7.679, 67.583
gyr,14197133184000,  0.074,  0.037, -0.143
acc,14197290974000,  9.030, -1.226,  3.837
ori,14197290974000, 145.424,  6.233, 67.113
gyr,14197293538000,  0.035,  0.072, -0.098
acc,14197441745000,  8.961, -1.127,  3.929
ori,14197441745000, 145.821,  5.738, 66.695
gyr,14197449772000, -0.036,  0.049, -0.097
acc,14197591844000,  8.938, -0.810,  3.951
ori,14197591844000, 147.803,  5.065, 66.469
gyr,14197602038000,  0.015,  0.039, -0.069
acc,14197752625000,  9.054, -0.775,  3.917
ori,14197752625000, 147.906,  4.258, 66.399
gyr,14197765902000, -0.010,  0.003, -0.084
acc,14197905166000,  8.829, -0.625,  3.978
ori,14197905166000, 149.697,  3.709, 66.412
gyr,14197917801000,  0.006,  0.014, -0.033
acc,14198055204000,  8.834, -0.581,  3.908
ori,14198055204000, 150.063,  3.281, 66.411
gyr,14198079743000,  0.003,  0.033, -0.014
acc,14198206036000,  8.967, -0.482,  3.899
ori,14198206036000, 150.157,  3.218, 66.356
gyr,14198240158000,  0.007,  0.008,  0.013
acc,14198368099000,  9.038, -0.627,  3.949
ori,14198368099000, 149.935,  3.179, 66.284
gyr,14198402068000, -0.023,  0.026, -0.012
acc,14198529521000,  8.938, -0.458,  4.020
ori,14198529521000, 150.017,  2.921, 66.119
gyr,14198552900000, -0.043,  0.025,  0.047
acc,14198692317000,  9.004, -0.530,  3.980
ori,14198692317000, 149.664,  2.796, 66.008
gyr,14198714383000, -0.032,  0.201, -0.014
acc,14198851481000,  8.842, -0.537,  4.277
ori,14198851481000, 148.860,  2.933, 65.405
gyr,14198871441000, -0.036, -0.103, -0.004
acc,14199003411000,  8.995, -0.407,  4.019
ori,14199003411000, 151.511,  2.324, 66.030
gyr,14199030849000,  0.001,  0.007, -0.174
acc,14199167336000,  8.926, -0.298,  3.945
ori,14199167336000, 150.068,  1.367, 65.730
gyr,14199181131000,  0.002,  0.052, -0.027
acc,14199328850000,  8.996, -0.179,  4.143
ori,14199328850000, 150.200,  1.661, 65.272
gyr,14199331383000,  0.096, -0.054,  0.093
acc,14199489997000,  9.313, -0.579,  3.788
ori,14199489997000, 153.820,  2.775, 65.909
gyr,14199491340000, -0.003, -0.070,  0.116
gyr,14199641806000, -0.015, -0.024, -0.020
acc,14199650351000,  8.973, -0.587,  3.927
ori,14199650351000, 154.339,  2.983, 66.229
gyr,14199792546000,  0.029, -0.015, -0.017
acc,14199803625000,  8.961, -0.577,  3.871
ori,14199803625000, 154.184,  2.949, 66.424
gyr,14199943652000,  0.069,  0.001,  0.007
acc,14199964650000,  8.965, -0.542,  3.905
ori,14199964650000, 153.586,  2.829, 66.400
gyr,14200104281000,  0.057,  0.014,  0.083
acc,14200128362000,  9.029, -0.375,  3.981
ori,14200128362000, 153.349,  2.888, 66.257
gyr,14200269946000,  0.042,  0.006, -0.034
acc,14200278400000,  8.969, -0.836,  3.866
ori,14200278400000, 153.321,  2.981, 66.206
acc,14200428621000,  9.075, -0.496,  3.886
ori,14200428621000, 153.262,  2.902, 66.224
gyr,14200429872000, -0.006,  0.050, -0.030
acc,14200580338000,  9.015, -0.646,  4.040
ori,14200580338000, 152.354,  2.847, 65.948
gyr,14200582077000, -0.004,  0.035,  0.030
acc,14200742798000,  8.768, -0.680,  3.953
ori,14200742798000, 152.545,  3.178, 66.004
gyr,14200744659000, -0.152,  0.022, -0.037
acc,14200902206000,  9.039, -0.256,  4.189
ori,14200902206000, 151.938,  2.691, 65.973
gyr,14200905258000, -0.078, -0.011, -0.089
acc,14201053342000,  8.940, -0.280,  4.129
ori,14201053342000, 151.616,  1.983, 66.052
gyr,14201067138000, -0.009, -0.010, -0.011
acc,14201214460000,  9.157, -0.381,  3.905
ori,14201214460000, 153.010,  2.295, 66.130
gyr,14201228194000,  0.116, -0.067,  0.019
acc,14201366390000,  8.786, -0.540,  3.910
ori,14201366390000, 154.907,  3.260, 66.471
gyr,14201380185000, -0.126,  0.023,  0.117
acc,14201529155000,  9.065, -0.473,  3.962
ori,14201529155000, 154.966,  3.570, 66.293
gyr,14201531169000, -0.044, -0.001,  0.001
gyr,14201683893000, -0.048,  0.009,  0.089
acc,14201690883000,  8.967, -0.773,  3.883
ori,14201690883000, 154.210,  3.845, 66.365
gyr,14201836984000,  0.015, -0.005,  0.104
acc,14201853129000,  9.109, -0.798,  3.936
ori,14201853129000, 154.482,  4.331, 66.356
gyr,14201989494000,  0.061, -0.055,  0.038
acc,14202003472000,  8.947, -0.842,  3.900
ori,14202003472000, 154.788,  4.587, 66.724
gyr,14202149146000, -0.047, -0.018,  0.057
acc,14202165841000,  9.227, -0.708,  3.804
ori,14202165841000, 155.826,  4.760, 67.165
gyr,14202311881000, -0.039, -0.046,  0.025
acc,14202325493000,  8.826, -1.022,  3.899
ori,14202325493000, 156.831,  5.131, 67.567
gyr,14202462224000,  0.140,  0.046,  0.017
acc,14202479010000,  8.988, -0.800,  3.850
ori,14202479010000, 155.134,  5.088, 67.401
gyr,14202613849000,  0.209,  0.008,  0.060
acc,14202639547000,  9.117, -0.711,  3.900
ori,14202639547000, 152.619,  4.747, 66.873
gyr,14202774295000,  0.124,  0.090, -0.049
acc,14202800634000,  9.055, -0.612,  3.737
ori,14202800634000, 150.610,  4.180, 65.826
gyr,14202924516000,  0.069,  0.024, -0.042
acc,14202950947000,  8.802, -0.462,  4.466
ori,14202950947000, 142.309,  3.042, 63.247
gyr,14203087251000,  0.083,  0.055, -0.047
acc,14203113071000,  8.636, -0.449,  4.606
ori,14203113071000, 142.679,  2.304, 62.732
gyr,14203247330000,  0.044, -0.110, -0.088
acc,14203273364000,  8.802, -0.213,  4.452
ori,14203273364000, 144.103,  1.504, 62.805
gyr,14203405883000,  0.020,  0.013, -0.085
acc,14203434969000,  8.900, -0.300,  4.560
ori,14203434969000, 144.095,  0.684, 62.659
gyr,14203557020000,  0.178, -0.208,  0.200
acc,14203595598000,  8.742, -0.455,  4.199
ori,14203595598000, 146.356,  0.901, 63.338
gyr,14203716947000,  0.052,  0.003, -0.179
acc,14203745606000,  8.942, -0.250,  4.264
ori,14203745606000, 142.711, -0.462, 62.128
gyr,14203867718000,  0.483,  0.036, -0.236
acc,14203896407000,  9.029, -0.009,  4.359
ori,14203896407000, 140.867, -1.267, 61.112
gyr,14204026637000,  0.149,  0.285, -0.096
acc,14204053648000,  8.009,  0.311,  5.684
ori,14204053648000, 137.214, -2.246, 58.372
gyr,14204185831000, -0.154,  0.331, -0.814
acc,14204211774000,  7.799,  0.599,  4.830
ori,14204211774000, 129.144, -6.319, 54.994
gyr,14204347437000, -0.110,  0.498, -1.346
acc,14204361964000,  5.496,  4.173,  4.043
ori,14204361964000, 130.175, -13.489, 50.204
gyr,14204507455000, -0.480,  0.602, -1.127
acc,14204523631000,  5.193,  4.049,  8.628
ori,14204523631000, 136.520, -19.479, 39.493
gyr,14204667931000,  0.081,  1.030, -1.141
acc,14204683344000,  5.390,  3.519,  7.468
ori,14204683344000, 151.283, -23.531, 29.134
gyr,14204830208000, -1.319,  0.321, -0.140
acc,14204843851000,  2.100,  2.543,  9.068
ori,14204843851000, 167.789, -20.737, 21.682
gyr,14204993400000,  0.219,  0.370,  0.451
acc,14204994652000,  5.909,  0.892,  8.675
ori,14204994652000, 177.176, -8.933, 23.396
gyr,14205150153000,  1.498,  0.058, -1.022
acc,14205151160000,  2.198,  1.372, 11.317
ori,14205151160000, 178.995, -1.837, 14.594
gyr,14205310110000, -0.297,  0.248, -1.376
acc,14205311362000,  1.485,  1.570, 10.623
ori,14205311362000, 183.218, -16.146,  9.606
acc,14205461675000,  0.794,  2.696,  8.942
ori,14205461675000, 193.241, -20.118,  2.005
gyr,14205469640000, -0.137,  0.497, -2.120
acc,14205620228000, -2.783,  3.093,  8.705
ori,14205620228000, 212.844, -19.784, -8.832
gyr,14205631276000, -0.068,  0.272, -1.591
acc,14205770297000, -2.674,  3.752,  9.081
ori,14205770297000, 224.923, -15.596, -14.568
gyr,14205792515000, -0.160, -0.172, -0.542
acc,14205929399000, -1.182,  2.793,  7.362
ori,14205929399000, 238.673, -14.047, -11.114
gyr,14205951465000, -0.125, -1.373, -0.680
acc,14206092409000, -2.071,  2.544, 10.624
ori,14206092409000, 246.183, -13.185, -8.286
gyr,14206110293000, -0.124, -0.232, -0.399
acc,14206255876000, -1.441,  2.355, 10.461
ori,14206255876000, 246.558, -12.024, -8.491
gyr,14206265764000, -0.175, -0.255,  0.034
acc,14206415528000, -1.522,  3.020,  9.594
ori,14206415528000, 249.499, -14.119, -7.689
gyr,14206423432000,  0.306,  0.210,  0.526
acc,14206575638000, -1.177,  2.668, 10.041
ori,14206575638000, 250.516, -16.695, -7.319
gyr,14206585679000,  0.370,  0.010,  0.130
acc,14206725889000, -1.274,  3.097,  8.541
ori,14206725889000, 248.129, -21.413, -7.897
gyr,14206736968000,  0.388,  0.003,  0.109
acc,14206877393000, -1.368,  4.016,  9.143
ori,14206877393000, 244.393, -22.633, -4.906
gyr,14206887220000, -0.213, -0.790,  0.729
acc,14207027797000,  0.696,  3.341,  8.684
ori,14207027797000, 239.120, -22.988, -0.095
gyr,14207038449000,  0.150, -0.005,  0.276
acc,14207189769000, -0.015,  3.612,  9.067
ori,14207189769000, 234.664, -24.001, -1.259
gyr,14207202068000, -0.084,  0.002, -0.152
acc,14207352473000, -0.411,  3.955,  9.000
ori,14207352473000, 231.387, -23.543, -2.943
gyr,14207362087000,  0.026,  0.183, -0.083
acc,14207512979000, -0.740,  4.143,  9.586
ori,14207512979000, 229.667, -23.113, -3.888
gyr,14207522166000,  0.021,  0.102,  0.077
acc,14207672174000, -0.499,  3.449, 10.581
ori,14207672174000, 231.058, -22.730, -3.667
gyr,14207683283000,  0.393,  0.174, -0.090
