acc,16309600951000,  9.090,  1.474,  3.697
ori,16309600951000, 168.798, -8.125, 67.168
gyr,16309741039000, -0.082,  0.058, -0.086
acc,16309755262000,  8.856,  1.499,  3.907
ori,16309755262000, 167.509, -8.692, 66.849
gyr,16309896785000, -0.005, -0.124,  0.011
acc,16309911679000,  9.195,  1.601,  4.164
ori,16309911679000, 168.238, -8.988, 66.303
gyr,16310055979000,  0.013, -0.112, -0.031
acc,16310069927000,  8.954,  1.369,  3.672
ori,16310069927000, 169.452, -8.599, 67.364
gyr,16310216150000, -0.071, -0.072, -0.133
acc,16310229487000,  9.282,  1.599,  3.622
ori,16310229487000, 171.849, -8.918, 68.687
gyr,16310370644000, -0.140, -1.405,  0.262
acc,16310384897000,  9.679,  1.597,  4.092
ori,16310384897000, 172.198, -8.707, 69.090
gyr,16310533592000,  0.467, -2.094,  0.364
acc,16310547326000,  9.406,  1.841,  0.065
ori,16310547326000, 157.440, -8.466, 73.551
gyr,16310694679000,  0.565, -1.221,  0.368
acc,16310699440000,  9.043,  1.122, -4.065
ori,16310699440000, 153.641, -7.008, 86.584
gyr,16310855887000,  0.521, -0.107,  0.162
acc,16310858909000,  8.015,  0.469, -3.513
ori,16310858909000, 153.538, -174.558, 87.389
gyr,16311019171000,  0.138,  0.123, -0.013
acc,16311020484000,  9.245,  0.193, -3.481
ori,16311020484000, 147.878, -175.218, 87.450
gyr,16311179403000,  0.192,  0.251,  0.054
acc,16311182486000,  8.789, -0.022, -3.223
ori,16311182486000, 141.904, -175.234, 88.692
gyr,16311338536000,  0.366, -0.198,  0.332
acc,16311340978000,  9.547,  0.267, -0.819
ori,16311340978000, 141.256, -177.653, 88.659
gyr,16311490345000,  0.275, -0.053,  0.004
acc,16311492237000,  9.049, -0.674, -3.555
ori,16311492237000, 138.748, -178.843, 89.666
gyr,16311641848000,  0.022,  0.403, -0.117
acc,16311643099000,  9.351, -0.977, -3.172
ori,16311643099000, 140.793, -178.935, 88.046
gyr,16311792344000,  0.002,  0.499,  0.016
acc,16311793809000,  9.709, -0.554, -2.328
ori,16311793809000, 136.774, -1.094, 88.636
gyr,16311949432000,  0.092, -0.009,  0.014
acc,16311951935000, 10.042, -0.762, -1.762
ori,16311951935000, 135.903, -0.609, 86.857
acc,16312102278000,  9.691, -0.491, -1.171
ori,16312102278000, 137.048,  0.087, 85.091
gyr,16312112014000,  0.103,  0.091,  0.152
gyr,16312262541000,  0.003,  0.070, -0.003
acc,16312263762000,  9.655, -0.716, -1.343
ori,16312263762000, 138.593,  0.446, 84.738
acc,16312414410000,  9.754, -0.824, -1.117
ori,16312414410000, 140.324,  0.916, 84.834
gyr,16312424848000,  0.039,  0.109,  0.071
acc,16312566615000,  9.777, -0.301, -0.369
ori,16312566615000, 143.051,  1.516, 86.137
gyr,16312575741000,  0.199, -0.391, -0.058
gyr,16312728953000,  0.007,  0.053,  0.057
acc,16312730265000,  9.424, -1.065, -2.577
ori,16312730265000, 156.582, 177.411, 84.586
acc,16312881067000,  9.075, -0.885, -2.742
ori,16312881067000, 151.623, 178.096, 83.862
gyr,16312892359000, -0.147,  0.209, -0.146
acc,16313031776000,  9.254, -0.724, -2.620
ori,16313031776000, 150.969, 178.112, 82.982
gyr,16313053904000, -0.043,  0.104, -0.033
acc,16313182547000,  9.425, -1.147, -2.361
ori,16313182547000, 147.468, 178.212, 84.549
gyr,16313204369000, -0.003,  0.365, -0.197
acc,16313344274000,  9.618, -0.199, -1.410
ori,16313344274000, 143.426, -179.411, 87.218
gyr,16313364418000, -0.020,  0.113, -0.024
acc,16313503987000, 10.127,  0.502, -1.535
ori,16313503987000, 147.794, -178.931, 86.915
gyr,16313516684000, -0.042,  0.067, -0.243
acc,16313655704000,  9.060,  0.320, -1.112
ori,16313655704000, 150.908, -178.083, 87.458
gyr,16313677618000, -0.146,  0.372, -0.076
acc,16313815143000,  9.266,  0.091, -0.479
ori,16313815143000, 149.583, -178.410, 89.758
gyr,16313837941000, -0.030,  0.417,  0.117
acc,16313977389000,  9.854, -0.038, -0.518
ori,16313977389000, 151.935, -0.462, 89.760
gyr,16313988559000,  0.017, -0.279,  0.044
acc,16314128678000,  9.953,  0.161, -0.335
ori,16314128678000, 157.666, -179.580, 88.756
gyr,16314138598000,  0.257, -0.118,  0.105
acc,16314289460000,  9.817, -0.290, -0.646
ori,16314289460000, 158.351, 178.724, 89.514
gyr,16314298921000,  0.136,  0.484,  0.080
acc,16314451645000,  9.156,  0.031, -0.588
ori,16314451645000, 156.389, 179.840, 89.964
gyr,16314461228000,  0.115,  0.304, -0.148
acc,16314612487000,  9.709, -0.290,  0.508
ori,16314612487000, 150.300,  0.498, 85.600
gyr,16314621430000,  0.131,  0.450, -0.027
acc,16314762739000,  9.425,  0.216,  0.867
ori,16314762739000, 148.339,  0.220, 82.848
gyr,16314772017000,  0.193,  0.608,  0.031
acc,16314914670000, 10.706,  0.127,  1.530
ori,16314914670000, 146.693, -0.720, 79.384
gyr,16314925199000,  0.145,  0.309, -0.264
acc,16315073467000,  9.998,  0.068,  2.193
ori,16315073467000, 143.838, -1.662, 76.872
gyr,16315084027000,  0.180,  0.213, -0.031
acc,16315233028000,  9.623,  0.094,  2.398
ori,16315233028000, 144.699, -2.014, 76.597
gyr,16315243893000,  0.030,  0.093,  0.017
acc,16315395671000, 10.163,  0.418,  2.257
ori,16315395671000, 145.532, -1.783, 75.678
gyr,16315404277000,  0.012, -0.183,  0.006
acc,16315547845000,  9.673,  0.303,  2.198
ori,16315547845000, 148.164, -1.206, 76.358
gyr,16315561518000,  0.047,  0.120,  0.041
acc,16315705025000,  9.316,  0.465,  2.474
ori,16315705025000, 146.110, -1.846, 75.299
gyr,16315712106000,  0.023,  0.077, -0.015
acc,16315855613000, 11.430, -1.833,  5.961
ori,16315855613000, 145.564, -1.726, 74.894
gyr,16315873162000,  0.032, -0.067, -0.086
acc,16316019110000,  9.328,  0.460,  2.470
ori,16316019110000, 147.768, -1.731, 75.849
gyr,16316033333000, -0.010, -0.083,  0.027
acc,16316180288000,  9.507,  0.335,  2.604
ori,16316180288000, 149.814, -1.553, 76.773
gyr,16316193992000,  0.009, -0.075,  0.047
acc,16316340520000,  9.904,  0.341,  2.195
ori,16316340520000, 151.274, -1.151, 77.380
gyr,16316355781000, -0.088, -0.095,  0.027
acc,16316494282000,  9.154,  0.355,  2.298
ori,16316494282000, 152.567, -0.989, 78.110
gyr,16316517142000, -0.003,  0.031, -0.024
acc,16316645510000,  9.185,  0.372,  2.218
ori,16316645510000, 153.001, -1.202, 78.354
gyr,16316667943000,  0.018,  0.064,  0.061
acc,16316808733000,  9.564, -0.017,  2.242
ori,16316808733000, 153.608, -0.835, 79.048
gyr,16316819934000, -0.332, -0.175, -0.022
acc,16316960298000,  9.601,  0.256,  2.188
ori,16316960298000, 152.264, -0.882, 78.982
gyr,16316981173000, -0.002, -0.001, -0.036
acc,16317118698000,  9.655,  0.205,  2.061
ori,16317118698000, 152.758, -0.799, 79.388
gyr,16317141192000, -0.023, -0.036,  0.005
acc,16317269499000,  7.982, -3.833,  3.330
ori,16317269499000, 153.050, -0.187, 78.379
gyr,16317292054000, -0.009,  0.062,  0.035
acc,16317431776000,  9.597,  0.226,  2.106
ori,16317431776000, 152.224, -0.035, 78.597
gyr,16317445480000, -0.035, -0.057,  0.033
acc,16317591703000, 10.007,  0.250,  2.027
ori,16317591703000, 151.234,  0.031, 78.005
gyr,16317605590000, -0.006, -0.077,  0.002
acc,16317741711000,  9.318,  0.221,  2.319
ori,16317741711000, 152.777, -0.257, 79.009
gyr,16317757307000,  0.031,  0.029, -0.030
acc,16317902492000,  9.549,  0.224,  1.952
ori,16317902492000, 151.156, -0.386, 78.790
gyr,16317916959000, -0.042,  0.091,  0.080
acc,16318063273000, 10.148, -0.281,  2.337
ori,16318063273000, 147.034,  0.777, 75.596
gyr,16318077130000, -0.153,  0.043,  0.061
acc,16318225336000,  9.689,  0.271,  2.534
ori,16318225336000, 145.173,  0.512, 74.430
gyr,16318238979000,  0.284,  0.180,  0.051
acc,16318385996000, 10.640, -0.334,  3.435
ori,16318385996000, 144.059,  0.545, 72.463
gyr,16318392588000, -0.237,  0.212,  0.284
acc,16318547632000, 11.519, -0.475,  3.150
ori,16318547632000, 148.855,  1.919, 74.736
gyr,16318555781000,  0.227, -0.702,  0.298
acc,16318706887000, 10.189, -1.041,  2.865
ori,16318706887000, 158.057,  6.921, 79.424
gyr,16318717416000,  0.387, -0.203,  1.213
acc,16318869377000,  8.843, -1.772,  1.366
ori,16318869377000, 153.054, 13.652, 83.005
gyr,16318877587000,  0.654, -1.091, -0.208
gyr,16319028205000,  0.468, -0.955, -0.508
acc,16319030678000,  9.105, -1.629,  0.650
ori,16319030678000, 149.200, 170.632, 88.655
gyr,16319189017000,  0.125, -0.347, -0.266
acc,16319192008000,  9.021, -0.698, -0.439
ori,16319192008000, 135.330, 174.406, 83.857
gyr,16319350531000,  0.231,  0.019,  0.023
acc,16319355689000,  8.380,  0.029, -1.870
ori,16319355689000, 136.792, 175.068, 81.668
gyr,16319509969000,  0.060,  0.043, -0.279
acc,16319513174000,  8.671, -2.025,  0.108
ori,16319513174000, 132.771, 175.362, 83.726
gyr,16319672185000, -0.996,  0.799,  0.146
acc,16319673955000,  9.661, -1.524,  2.124
ori,16319673955000, 131.893,  6.137, 88.924
gyr,16319834676000, -1.557,  2.843, -1.494
acc,16319835927000,  8.352, -0.478,  2.345
ori,16319835927000, 131.378,  4.339, 73.076
acc,16319988132000,  7.578,  0.161,  4.837
ori,16319988132000, 140.342,  3.711, 56.373
gyr,16319996128000, -1.605,  1.235,  1.135
acc,16320149585000,  6.264, -1.216,  6.424
ori,16320149585000, 143.144, 12.437, 44.005
gyr,16320157093000,  0.016,  2.764, -0.409
acc,16320308291000,  3.919, -1.631,  9.170
ori,16320308291000, 141.235,  9.716, 16.784
gyr,16320317844000, -0.809,  0.831, -2.713
acc,16320468248000,  2.039, -1.856,  9.811
ori,16320468248000, 157.427, 10.384, 13.483
gyr,16320479113000, -0.099,  0.279,  0.333
acc,16320619934000,  2.192, -1.861,  9.952
ori,16320619934000, 154.643, 10.442,  9.814
gyr,16320629762000,  0.545,  0.328,  2.002
gyr,16320783005000,  0.134,  0.482, -0.053
acc,16320784225000,  2.976, -0.823, 11.442
ori,16320784225000, 149.296,  8.653,  6.430
gyr,16320935698000,  0.263, -0.388,  0.103
acc,16320937010000,  1.768, -0.018, 10.857
ori,16320937010000, 151.647,  6.630,  8.457
gyr,16321086713000,  0.566, -1.159,  0.020
acc,16321087964000,  1.976, -0.069,  7.885
ori,16321087964000, 160.315,  2.103, 14.303
gyr,16321237972000,  0.750, -2.519,  2.159
acc,16321240261000,  1.828,  2.416,  8.678
ori,16321240261000, 175.511, -3.180, 30.374
gyr,16321399425000,  0.381, -0.834,  0.487
acc,16321401103000,  6.081,  1.501, 10.448
ori,16321401103000, 156.236, -3.912, 34.250
gyr,16321557612000,  0.378, -0.815,  0.377
acc,16321561091000,  5.884,  0.610,  8.210
ori,16321561091000, 154.517, -3.684, 45.021
gyr,16321708504000,  0.273, -0.821,  0.702
acc,16321725626000,  8.553,  0.658,  6.093
ori,16321725626000, 146.072, -1.694, 46.737
gyr,16321867394000, -0.703, -0.742, -0.362
acc,16321881250000,  5.263, -0.442,  5.461
ori,16321881250000, 150.667,  0.047, 60.057
gyr,16322030250000, -0.460,  0.698,  0.091
acc,16322041146000,  7.642,  1.311,  7.717
ori,16322041146000, 141.927,  0.534, 53.421
gyr,16322189872000,  0.700,  0.098,  0.721
acc,16322200249000,  8.957,  0.051,  5.529
ori,16322200249000, 140.986,  0.993, 50.369
gyr,16322340429000,  0.195, -0.129, -0.511
acc,16322357093000,  7.432, -0.481,  6.072
ori,16322357093000, 142.176, -0.779, 50.971
gyr,16322491108000,  0.147,  0.090, -0.317
acc,16322519156000,  7.521,  0.051,  5.725
ori,16322519156000, 137.465, -4.631, 50.728
gyr,16322655887000, -0.415, -0.080,  0.050
acc,16322669438000,  6.950,  1.496,  6.318
ori,16322669438000, 141.443, -3.307, 50.356
gyr,16322807818000,  0.176, -0.351,  0.388
acc,16322821582000,  7.837, -0.472,  5.971
ori,16322821582000, 143.239, -3.464, 51.115
gyr,16322969881000, -0.350,  0.001, -0.083
acc,16322983310000,  8.417,  2.384,  6.581
ori,16322983310000, 150.549, -0.020, 51.766
gyr,16323132280000,  0.210, -0.039, -0.003
acc,16323134142000,  7.144, -0.196,  6.513
ori,16323134142000, 149.781, -1.524, 53.004
gyr,16323292817000,  0.035, -0.049,  0.052
acc,16323295503000,  8.140, -0.129,  5.215
ori,16323295503000, 148.022, -0.201, 52.614
gyr,16323454911000,  0.925, -0.212, -0.174
acc,16323456193000,  8.444,  0.319,  5.809
ori,16323456193000, 143.673, -4.070, 53.841
acc,16323606841000,  7.152,  0.778,  7.365
ori,16323606841000, 140.240, -5.318, 53.780
gyr,16323613495000, -0.190,  0.051,  0.075
acc,16323769850000,  6.770,  1.174,  7.988
ori,16323769850000, 136.275, -4.789, 51.411
gyr,16323775771000, -0.211,  0.147,  0.004
gyr,16323927305000, -0.160, -0.162,  0.059
acc,16323928495000,  7.860,  1.626,  7.278
ori,16323928495000, 136.059, -2.738, 49.973
acc,16324082043000,  6.955,  0.366,  6.817
ori,16324082043000, 140.357, -0.571, 52.230
gyr,16324086041000,  0.037, -0.365,  0.152
acc,16324242184000,  7.887,  0.517,  5.879
ori,16324242184000, 137.654, -1.120, 52.456
gyr,16324243923000, -0.269,  0.086, -0.103
gyr,16324395365000,  0.173, -0.224,  0.151
acc,16324404766000,  7.860, -0.182,  5.312
ori,16324404766000, 140.424, -0.225, 54.385
acc,16324556330000,  8.425,  1.000,  5.437
ori,16324556330000, 142.201, -0.979, 56.150
gyr,16324557612000,  0.067, -0.165, -0.214
gyr,16324707650000, -0.066, -0.212,  0.036
acc,16324717600000,  8.629,  0.974,  4.991
ori,16324717600000, 140.499, -2.576, 57.639
acc,16324870323000,  8.432,  0.508,  4.852
ori,16324870323000, 144.923, -2.821, 60.829
gyr,16324871605000,  0.011, -0.137,  0.001
gyr,16325022162000, -0.128, -0.058,  0.092
acc,16325032051000,  8.463,  0.684,  4.257
ori,16325032051000, 146.901, -1.921, 62.387
gyr,16325183340000,  0.039, -0.036,  0.041
acc,16325195304000,  8.349,  0.058,  4.676
ori,16325195304000, 145.297, -1.219, 62.446
gyr,16325345220000, -0.106, -0.074,  0.017
acc,16325356269000,  9.029, -0.306,  4.501
ori,16325356269000, 143.862, -0.574, 62.648
gyr,16325495503000, -0.019, -0.089, -0.161
acc,16325506704000,  8.851,  0.606,  4.687
ori,16325506704000, 144.634, -0.841, 63.591
gyr,16325648410000, -0.009, -0.023,  0.028
acc,16325659122000,  8.465,  0.500,  4.377
ori,16325659122000, 143.235, -1.590, 64.048
gyr,16325801927000,  0.052,  0.068,  0.030
acc,16325812274000,  9.100,  0.096,  4.525
ori,16325812274000, 140.744, -1.690, 63.327
gyr,16325964235000, -0.058,  0.017,  0.009
acc,16325971956000,  8.757,  0.194,  4.598
ori,16325971956000, 141.528, -1.268, 63.113
gyr,16326125718000,  0.030,  0.046,  0.020
acc,16326131822000,  8.582,  0.159,  4.609
ori,16326131822000, 141.275, -1.142, 62.759
acc,16326282287000,  8.921,  0.042,  4.496
ori,16326282287000, 141.173, -0.990, 62.623
gyr,16326285675000, -0.066, -0.021,  0.020
acc,16326444168000,  8.918,  0.279,  4.410
ori,16326444168000, 142.172, -0.635, 62.921
gyr,16326447738000, -0.038, -0.028,  0.002
acc,16326594297000,  8.723,  0.163,  4.391
ori,16326594297000, 141.768, -0.691, 63.084
gyr,16326608459000, -0.061,  0.032, -0.011
acc,16326757032000,  8.789,  0.128,  4.498
ori,16326757032000, 141.084, -0.880, 62.877
gyr,16326760786000,  0.031,  0.027, -0.010
acc,16326919614000,  8.787,  0.226,  4.560
ori,16326919614000, 140.543, -0.975, 62.712
gyr,16326921354000, -0.012,  0.012,  0.004
gyr,16327071849000, -0.005,  0.033,  0.006
acc,16327079205000,  8.822,  0.205,  4.499
ori,16327079205000, 141.024, -0.978, 62.560
acc,16327230250000,  8.779,  0.060,  4.568
ori,16327230250000, 140.838, -0.990, 62.387
gyr,16327232600000, -0.045,  0.014,  0.013
acc,16327394267000,  8.666,  0.238,  4.572
ori,16327394267000, 140.508, -1.042, 62.235
gyr,16327395518000,  0.004,  0.007,  0.026
gyr,16327546441000, -0.005,  0.009,  0.023
acc,16327553461000,  8.702,  0.219,  4.609
ori,16327553461000, 140.367, -1.097, 62.191
gyr,16327696449000, -0.011,  0.012,  0.003
acc,16327713266000,  8.712, -0.034,  4.588
ori,16327713266000, 140.298, -1.036, 62.100
gyr,16327846823000, -0.053,  0.002, -0.007
acc,16327874810000,  8.835,  0.319,  4.590
ori,16327874810000, 140.457, -0.911, 62.084
gyr,16328009618000, -0.079, -0.022,  0.084
acc,16328036629000,  8.788,  0.356,  4.620
ori,16328036629000, 141.414, -0.688, 62.173
gyr,16328171468000,  0.035,  0.005, -0.013
acc,16328197624000,  8.633, -0.091,  4.610
ori,16328197624000, 141.415, -0.627, 62.126
gyr,16328335607000,  0.047,  0.011, -0.010
acc,16328348639000,  8.353, -0.088,  4.584
ori,16328348639000, 140.917, -0.997, 62.087
gyr,16328494618000, -0.040,  0.014, -0.013
acc,16328507894000,  8.727,  0.405,  4.653
ori,16328507894000, 141.668, -0.367, 62.012
gyr,16328657596000, -0.090,  0.028,  0.011
acc,16328658848000,  8.614, -0.171,  4.610
ori,16328658848000, 141.728, -0.402, 61.928
acc,16328809588000,  8.792, -0.715,  4.554
ori,16328809588000, 141.680, -0.398, 61.947
gyr,16328818836000, -0.055, -0.013,  0.057
gyr,16328970095000, -0.021,  0.012, -0.009
acc,16328972384000,  8.638,  0.015,  4.623
ori,16328972384000, 141.828, -0.334, 61.846
gyr,16329130235000,  0.018,  0.012,  0.016
acc,16329132646000,  8.724,  0.078,  4.668
ori,16329132646000, 141.559, -0.335, 61.736
gyr,16329289918000, -0.015,  0.007, -0.000
acc,16329293824000,  8.641,  0.025,  4.699
ori,16329293824000, 141.493, -0.331, 61.679
gyr,16329449112000, -0.003,  0.006,  0.010
acc,16329453415000,  8.711,  0.135,  4.715
ori,16329453415000, 141.295, -0.372, 61.595
gyr,16329601347000,  0.003,  0.016,  0.029
acc,16329605651000,  8.665,  0.090,  4.669
ori,16329605651000, 141.212, -0.347, 61.548
gyr,16329762342000, -0.024, -0.004,  0.009
acc,16329765761000,  8.617,  0.078,  4.723
ori,16329765761000, 141.038, -0.401, 61.485
gyr,16329922269000,  0.012,  0.001,  0.013
acc,16329924894000,  8.726,  0.037,  4.669
ori,16329924894000, 140.981, -0.426, 61.483
acc,16330075390000,  8.673,  0.034,  4.729
ori,16330075390000, 141.151, -0.341, 61.501
gyr,16330084180000, -0.031, -0.002,  0.005
gyr,16330237697000,  0.149, -0.018,  0.122
acc,16330238918000,  9.322,  2.547,  3.996
ori,16330238918000, 141.604, -0.421, 61.594
gyr,16330397777000, -0.061,  0.004,  0.007
acc,16330401988000,  8.671,  0.310,  4.697
ori,16330401988000, 141.786, -0.253, 61.496
gyr,16330547937000, -0.015,  0.003,  0.009
acc,16330561915000,  8.642, -0.020,  4.707
ori,16330561915000, 141.597, -0.368, 61.497
gyr,16330712503000, -0.159,  0.020, -0.010
acc,16330714242000,  8.857, -0.074,  4.741
ori,16330714242000, 141.808, -0.142, 61.382
gyr,16330871361000, -0.096,  0.020, -0.008
acc,16330872307000,  8.613, -0.003,  4.699
ori,16330872307000, 141.155, -0.660, 61.468
gyr,16331022620000, -0.066, -0.021, -0.015
acc,16331023780000,  8.680,  0.108,  4.685
ori,16331023780000, 141.175, -0.703, 61.515
gyr,16331183462000,  0.001,  0.014,  0.003
acc,16331185233000,  8.589,  0.122,  4.684
ori,16331185233000, 141.563, -0.821, 61.557
acc,16331335301000,  8.668, -0.052,  4.755
ori,16331335301000, 141.735, -0.849, 61.454
gyr,16331344244000, -0.084,  0.026,  0.026
gyr,16331494343000, -0.008, -0.006,  0.013
acc,16331496205000,  8.636,  0.117,  4.695
ori,16331496205000, 141.659, -0.823, 61.386
acc,16331647403000,  8.678,  0.184,  4.757
ori,16331647403000, 141.613, -0.844, 61.350
gyr,16331657200000, -0.013,  0.007,  0.005
gyr,16331807543000, -0.011, -0.004,  0.014
acc,16331808794000,  8.629,  0.194,  4.715
ori,16331808794000, 141.660, -0.814, 61.363
acc,16331958802000,  8.691,  0.177,  4.706
ori,16331958802000, 142.167, -0.758, 61.366
gyr,16331967134000, -0.005,  0.015,  0.019
acc,16332118088000,  8.630,  0.103,  4.699
ori,16332118088000, 142.306, -0.813, 61.277
gyr,16332126817000,  0.003,  0.015,  0.019
acc,16332279022000,  8.637,  0.143,  4.751
ori,16332279022000, 142.186, -0.777, 61.145
gyr,16332288056000,  0.004,  0.025,  0.011
acc,16332442306000,  8.671,  0.127,  4.793
ori,16332442306000, 141.972, -0.721, 60.983
gyr,16332450211000, -0.021,  0.015,  0.013
acc,16332602477000,  8.566,  0.032,  4.835
ori,16332602477000, 141.639, -0.787, 60.854
gyr,16332610381000,  0.024,  0.013,  0.011
acc,16332763197000,  8.690,  0.154,  4.882
ori,16332763197000, 141.634, -0.712, 60.787
gyr,16332770552000, -0.027,  0.005, -0.002
acc,16332924314000,  8.407,  1.975,  4.723
ori,16332924314000, 141.081, -0.737, 60.839
gyr,16332930204000,  0.199, -0.023,  0.202
acc,16333083020000,  8.811,  0.236,  4.785
ori,16333083020000, 140.978, -0.628, 60.823
gyr,16333093794000, -0.078,  0.004,  0.047
acc,16333244839000,  8.622,  0.092,  4.746
ori,16333244839000, 141.021, -0.565, 60.783
gyr,16333254636000, -0.040,  0.003, -0.007
acc,16333403118000,  7.518,  0.126,  4.620
ori,16333403118000, 140.290, -1.164, 60.832
gyr,16333413403000,  0.149,  0.089, -0.076
acc,16333562556000,  8.525,  0.342,  4.849
ori,16333562556000, 141.160, -0.516, 60.804
gyr,16333573818000, -0.010,  0.010, -0.006
acc,16333712716000,  8.613,  0.110,  4.825
ori,16333712716000, 141.092, -0.457, 60.734
gyr,16333724863000, -0.035,  0.001,  0.003
acc,16333863243000,  9.282,  0.279,  4.739
ori,16333863243000, 139.954, -1.101, 60.609
gyr,16333876092000,  0.062, -0.007,  0.062
gyr,16334027534000, -0.048,  0.004, -0.018
acc,16334028755000,  8.657, -0.111,  4.860
ori,16334028755000, 140.440, -0.751, 60.591
acc,16334178884000,  8.562,  0.096,  4.814
ori,16334178884000, 140.582, -0.705, 60.649
gyr,16334188559000, -0.002,  0.007,  0.005
acc,16334329197000,  8.665,  0.033,  4.841
ori,16334329197000, 140.653, -0.600, 60.604
gyr,16334342779000,  0.010,  0.008,  0.001
acc,16334480365000,  8.650,  0.047,  4.831
ori,16334480365000, 140.676, -0.568, 60.596
gyr,16334495106000, -0.006,  0.002,  0.002
acc,16334639895000,  8.587,  0.086,  4.794
ori,16334639895000, 140.782, -0.550, 60.641
gyr,16334653659000, -0.029, -0.001,  0.003
acc,16334799974000,  8.633,  0.062,  4.790
ori,16334799974000, 140.800, -0.571, 60.672
gyr,16334815234000, -0.006, -0.003,  0.001
acc,16334950317000,  8.656,  0.095,  4.811
ori,16334950317000, 140.812, -0.579, 60.675
gyr,16334976717000, -0.002,  0.011, -0.003
acc,16335113205000,  8.598,  0.026,  4.784
ori,16335113205000, 140.719, -0.600, 60.642
gyr,16335126878000,  0.003,  0.021, -0.021
acc,16335273498000, 10.739,  4.715,  4.820
ori,16335273498000, 140.553, -1.084, 60.726
gyr,16335278961000,  0.153, -0.019,  0.182
acc,16335430616000,  8.648,  0.288,  4.853
ori,16335430616000, 140.078, -0.989, 60.557
gyr,16335439620000, -0.103, -0.007,  0.021
acc,16335582272000,  8.562,  0.077,  4.794
ori,16335582272000, 139.960, -1.000, 60.542
gyr,16335592130000, -0.027, -0.001,  0.017
acc,16335732829000,  8.209,  0.220,  4.972
ori,16335732829000, 139.420, -1.420, 60.568
gyr,16335753766000,  0.258,  0.074, -0.076
acc,16335892207000,  8.648,  0.377,  4.889
ori,16335892207000, 140.482, -1.050, 60.322
gyr,16335914822000, -0.107,  0.009, -0.039
acc,16336054422000,  8.513,  0.132,  4.908
ori,16336054422000, 140.147, -1.205, 60.303
gyr,16336075878000,  0.005,  0.014,  0.008
acc,16336205040000,  9.239,  0.055,  4.499
ori,16336205040000, 140.224, -1.036, 60.439
gyr,16336233791000,  0.152,  0.061, -0.086
acc,16336368813000,  8.532,  0.318,  4.893
ori,16336368813000, 140.615, -0.962, 60.338
gyr,16336396281000, -0.025,  0.020, -0.027
acc,16336531975000,  8.571,  0.223,  4.893
ori,16336531975000, 140.439, -0.966, 60.251
gyr,16336558497000, -0.011,  0.009,  0.009
acc,16336689551000,  8.632,  0.080,  4.937
ori,16336689551000, 140.260, -0.965, 60.152
gyr,16336718973000,  0.003,  0.008,  0.005
acc,16336849203000,  8.549,  0.177,  4.965
ori,16336849203000, 140.240, -0.877, 60.055
gyr,16336880884000,  0.003,  0.013,  0.002
acc,16337002416000,  8.562,  0.100,  4.888
ori,16337002416000, 140.095, -0.885, 59.997
gyr,16337040597000, -0.013,  0.017,  0.008
acc,16337162922000,  8.566,  0.146,  4.962
ori,16337162922000, 140.698, -0.888, 59.876
gyr,16337190726000, -0.005,  0.007,  0.014
acc,16337324100000,  8.531,  0.118,  4.982
ori,16337324100000, 140.668, -0.843, 59.770
gyr,16337352454000, -0.006,  0.019,  0.004
acc,16337474352000,  8.602,  0.149,  5.025
ori,16337474352000, 140.563, -0.801, 59.657
gyr,16337513296000, -0.009,  0.004, -0.008
acc,16337636995000,  8.578,  0.144,  5.014
ori,16337636995000, 140.318, -0.810, 59.538
gyr,16337676214000,  0.002,  0.007,  0.010
acc,16337796159000,  7.368,  5.786,  5.382
ori,16337796159000, 140.340, -1.137, 59.459
gyr,16337838002000,  0.119,  0.034, -0.013
acc,16337955231000,  8.597,  0.238,  4.978
ori,16337955231000, 140.033, -0.831, 59.365
gyr,16337995762000, -0.050,  0.009, -0.021
acc,16338117661000,  7.624, -0.594,  5.386
ori,16338117661000, 139.430, -0.973, 59.304
gyr,16338156696000,  0.022,  0.064,  0.012
acc,16338275329000,  8.388,  0.220,  5.019
ori,16338275329000, 140.038, -0.542, 59.168
gyr,16338313296000, -0.035,  0.022, -0.027
acc,16338437148000,  9.047,  0.321,  5.010
ori,16338437148000, 139.712, -0.869, 59.170
gyr,16338476489000, -0.094, -0.020,  0.080
acc,16338596159000,  8.595,  0.390,  5.115
ori,16338596159000, 140.618, -0.127, 59.092
gyr,16338637667000,  0.026, -0.002, -0.010
acc,16338758039000,  8.434, -0.020,  5.055
ori,16338758039000, 140.147, -0.375, 59.083
gyr,16338788407000, -0.025,  0.016, -0.003
acc,16338915890000,  8.541,  0.122,  5.121
ori,16338915890000, 140.780, -0.353, 59.012
gyr,16338947265000,  0.018, -0.003,  0.009
acc,16339073620000,  8.416,  0.029,  5.028
ori,16339073620000, 140.922, -0.425, 59.080
gyr,16339106215000, -0.009,  0.010,  0.019
acc,16339232539000,  8.383,  0.104,  5.086
ori,16339232539000, 140.858, -0.443, 59.052
gyr,16339267760000, -0.013,  0.005,  0.018
acc,16339393870000,  8.461,  0.007,  5.047
ori,16339393870000, 140.917, -0.415, 59.075
gyr,16339429029000, -0.023, -0.000,  0.006
acc,16339553186000,  8.488,  0.117,  5.058
ori,16339553186000, 141.053, -0.348, 59.064
gyr,16339588163000, -0.001,  0.003,  0.001
acc,16339715738000,  8.484, -0.075,  5.017
ori,16339715738000, 140.556, -0.351, 59.100
gyr,16339749188000, -0.050, -0.001,  0.015
acc,16339874444000,  8.137, -1.166,  4.958
ori,16339874444000, 139.123, -0.975, 58.938
gyr,16339908993000, -0.105,  0.031,  0.008
acc,16340038643000,  8.646, -0.362,  4.718
ori,16340038643000, 139.165, -0.980, 58.931
gyr,16340061442000, -0.002,  0.068, -0.024
acc,16340202263000,  8.337,  0.037,  5.109
ori,16340202263000, 139.595, -0.709, 58.853
gyr,16340212091000, -0.028,  0.007,  0.026
acc,16340352393000,  6.901, -1.192,  5.228
ori,16340352393000, 139.816, -0.968, 59.032
gyr,16340363502000,  0.063,  0.192, -0.095
acc,16340512747000,  8.485,  0.178,  5.162
ori,16340512747000, 139.723, -0.739, 58.847
gyr,16340523276000, -0.035,  0.006, -0.021
gyr,16340674963000,  0.022, -0.001,  0.009
acc,16340676183000,  8.401,  0.129,  5.066
ori,16340676183000, 139.711, -0.753, 58.948
gyr,16340825123000, -0.020, -0.007,  0.013
acc,16340826405000,  8.417,  0.126,  5.100
ori,16340826405000, 139.853, -0.654, 58.949
gyr,16340975466000, -0.007,  0.001,  0.010
acc,16340978030000,  8.416,  0.086,  5.044
ori,16340978030000, 139.994, -0.625, 59.001
gyr,16341134386000, -0.020,  0.008,  0.006
acc,16341138048000,  8.490,  0.104,  5.044
ori,16341138048000, 140.063, -0.587, 59.010
gyr,16341296113000, -0.003,  0.009,  0.009
acc,16341299989000,  8.526,  0.090,  5.110
ori,16341299989000, 140.006, -0.591, 58.979
gyr,16341447006000, -0.008,  0.009,  0.021
acc,16341461808000,  8.395,  0.072,  5.091
ori,16341461808000, 140.035, -0.544, 58.951
gyr,16341609039000, -0.017,  0.008,  0.003
acc,16341623200000,  8.502,  0.160,  5.091
ori,16341623200000, 139.966, -0.568, 58.928
gyr,16341762953000,  0.003,  0.013,  0.003
acc,16341778579000,  8.532, -0.025,  5.086
ori,16341778579000, 140.574, -0.579, 58.917
gyr,16341914761000,  0.024,  0.141, -0.028
acc,16341940764000,  8.875, -0.333,  4.989
ori,16341940764000, 140.285, -0.931, 59.009
gyr,16342067546000, -0.099,  0.011, -0.029
acc,16342093672000,  8.423,  0.545,  5.141
ori,16342093672000, 141.091, -0.437, 58.901
gyr,16342228816000, -0.144,  0.037,  0.016
acc,16342259763000,  8.551,  0.355,  5.149
ori,16342259763000, 141.369, -0.563, 58.959
gyr,16342389963000,  0.258, -0.112,  0.192
acc,16342417035000,  7.141, -1.052,  4.861
ori,16342417035000, 140.532, -0.967, 58.954
gyr,16342551813000, -0.048,  0.003, -0.008
acc,16342577145000,  8.473,  0.192,  5.135
ori,16342577145000, 140.900, -0.759, 58.795
gyr,16342716348000, -0.022,  0.013, -0.007
acc,16342730113000,  8.427,  0.184,  5.148
ori,16342730113000, 140.957, -0.690, 58.777
gyr,16342877038000,  0.010,  0.009,  0.014
acc,16342880792000,  8.477,  0.089,  5.149
ori,16342880792000, 140.610, -0.762, 58.660
gyr,16343038155000, -0.010,  0.014, -0.019
acc,16343042336000,  8.490,  0.144,  5.203
ori,16343042336000, 140.490, -0.773, 58.569
gyr,16343199608000, -0.001,  0.009,  0.009
acc,16343202721000,  8.385,  0.212,  5.202
ori,16343202721000, 140.276, -0.813, 58.496
gyr,16343360023000, -0.019, -0.001,  0.018
acc,16343364113000,  8.370,  0.149,  5.124
ori,16343364113000, 140.264, -0.802, 58.499
acc,16343521628000,  8.392,  0.135,  5.152
ori,16343521628000, 140.267, -0.791, 58.481
gyr,16343522910000, -0.020,  0.006,  0.011
acc,16343673498000,  8.416,  0.082,  5.186
ori,16343673498000, 140.234, -0.743, 58.432
gyr,16343678900000,  0.001,  0.004,  0.016
acc,16343823505000,  8.947,  0.484,  5.106
ori,16343823505000, 139.561, -1.251, 58.466
gyr,16343840200000,  0.010, -0.009,  0.071
acc,16343978762000,  8.420,  0.022,  5.181
ori,16343978762000, 140.093, -0.846, 58.408
gyr,16344001683000, -0.058,  0.001,  0.016
acc,16344139727000,  8.344,  0.283,  5.210
ori,16344139727000, 140.536, -0.649, 58.512
gyr,16344161518000, -0.089, -0.011,  0.032
acc,16344299409000,  8.559, -0.797,  4.731
ori,16344299409000, 140.567, -0.754, 58.803
gyr,16344323002000, -0.002,  0.105, -0.071
acc,16344460496000,  8.398,  0.236,  5.232
ori,16344460496000, 140.717, -0.565, 58.546
gyr,16344481830000, -0.012,  0.019, -0.021
acc,16344622498000,  8.370,  0.160,  5.141
ori,16344622498000, 140.598, -0.639, 58.546
gyr,16344642611000,  0.028,  0.008,  0.015
acc,16344774825000,  8.341,  0.095,  5.213
ori,16344774825000, 140.333, -0.709, 58.451
gyr,16344803392000, -0.027,  0.012,  0.014
acc,16344937010000,  8.405,  0.062,  5.177
ori,16344937010000, 140.865, -0.686, 58.375
gyr,16344963014000, -0.005, -0.002,  0.009
acc,16345098036000,  8.410,  0.141,  5.197
ori,16345098036000, 141.045, -0.679, 58.342
gyr,16345124650000, -0.006,  0.008,  0.003
acc,16345257963000,  8.392,  0.102,  5.214
ori,16345257963000, 140.948, -0.679, 58.283
gyr,16345285187000, -0.009,  0.006,  0.010
acc,16345419354000,  8.384,  0.132,  5.195
ori,16345419354000, 140.551, -0.612, 58.260
gyr,16345436324000,  0.006,  0.009,  0.024
acc,16345578091000,  8.335,  0.084,  5.219
ori,16345578091000, 140.430, -0.564, 58.198
gyr,16345594145000, -0.012,  0.008,  0.014
acc,16345739361000,  9.413,  0.977,  5.446
ori,16345739361000, 139.897, -0.984, 58.226
gyr,16345755842000,  0.298, -0.105,  0.047
acc,16345900569000,  8.304,  0.163,  5.203
ori,16345900569000, 140.090, -0.710, 58.122
gyr,16345916898000, -0.119,  0.021, -0.026
acc,16346050638000,  8.947,  0.452,  5.129
ori,16346050638000, 138.932, -1.286, 58.032
gyr,16346067241000, -0.006, -0.033,  0.029
acc,16346209405000,  8.329, -0.025,  5.236
ori,16346209405000, 139.596, -0.904, 58.020
gyr,16346228114000, -0.041,  0.007,  0.019
acc,16346369911000,  8.398,  0.337,  5.263
ori,16346369911000, 139.124, -1.061, 57.868
gyr,16346387064000, -0.142,  0.004,  0.003
acc,16346527610000,  8.355,  0.142,  5.249
ori,16346527610000, 139.153, -1.040, 57.876
gyr,16346541344000,  0.009, -0.016,  0.005
acc,16346678045000,  8.364,  0.102,  5.242
ori,16346678045000, 139.783, -1.023, 57.922
gyr,16346693824000, -0.015,  0.012,  0.002
acc,16346839803000,  8.340,  0.098,  5.221
ori,16346839803000, 139.798, -1.008, 57.892
gyr,16346855796000, -0.007,  0.007,  0.002
acc,16347001927000,  8.303,  0.148,  5.243
ori,16347001927000, 139.843, -0.950, 57.864
gyr,16347016882000, -0.006,  0.024, -0.014
acc,16347162159000,  8.359,  0.213,  5.268
ori,16347162159000, 139.732, -0.951, 57.797
gyr,16347168691000, -0.011,  0.011,  0.012
acc,16347315829000,  8.426,  0.057,  5.245
ori,16347315829000, 139.671, -0.947, 57.765
gyr,16347329564000, -0.013,  0.007,  0.003
acc,16347476305000,  8.358,  0.165,  5.276
ori,16347476305000, 139.601, -0.984, 57.698
gyr,16347479937000, -0.010,  0.019, -0.010
acc,16347635774000,  7.353, -0.861,  5.328
ori,16347635774000, 138.529, -1.571, 57.648
gyr,16347638643000,  0.096,  0.130, -0.077
acc,16347796006000,  8.348,  0.276,  5.334
ori,16347796006000, 138.911, -1.171, 57.467
gyr,16347798295000, -0.052,  0.017, -0.011
acc,16347948181000,  8.641, -0.455,  5.178
ori,16347948181000, 138.602, -1.296, 57.480
gyr,16347949463000, -0.024, -0.010,  0.032
gyr,16348100203000, -0.013, -0.021, -0.006
acc,16348110458000,  8.326,  0.062,  5.312
ori,16348110458000, 139.149, -0.978, 57.492
gyr,16348257474000, -0.151,  0.019, -0.014
acc,16348267332000,  8.455,  0.409,  5.282
ori,16348267332000, 138.831, -1.262, 57.496
gyr,16348407482000, -0.019, -0.013,  0.015
acc,16348430159000,  8.310,  0.290,  5.249
ori,16348430159000, 138.670, -1.318, 57.505
gyr,16348567897000, -0.014,  0.012,  0.020
acc,16348591947000,  8.400,  0.168,  5.250
ori,16348591947000, 138.961, -1.296, 57.514
gyr,16348719736000, -0.007, -0.000,  0.019
acc,16348742565000,  8.268,  0.145,  5.283
ori,16348742565000, 139.652, -1.223, 57.512
gyr,16348882074000, -0.006,  0.007,  0.021
acc,16348904384000,  8.353,  0.159,  5.297
ori,16348904384000, 139.710, -1.150, 57.465
gyr,16349039437000,  0.003,  0.004,  0.015
acc,16349062846000,  8.291,  0.136,  5.271
ori,16349062846000, 139.826, -1.070, 57.463
gyr,16349202507000,  0.013,  0.010,  0.013
acc,16349223047000,  8.333,  0.093,  5.332
ori,16349223047000, 139.787, -1.020, 57.403
gyr,16349353095000,  0.468, -0.159,  0.040
acc,16349375344000,  6.676, -1.556,  5.367
ori,16349375344000, 139.761, -1.151, 57.519
gyr,16349516226000, -0.144,  0.010, -0.007
acc,16349526847000,  8.183,  0.265,  5.419
ori,16349526847000, 140.463, -0.497, 57.335
gyr,16349666234000,  0.054,  0.002,  0.057
acc,16349677435000,  8.584, -0.481,  5.218
ori,16349677435000, 139.151, -1.408, 57.409
gyr,16349816974000, -0.029,  0.006, -0.021
acc,16349828114000,  8.383,  0.075,  5.300
ori,16349828114000, 139.641, -1.100, 57.386
gyr,16349967500000,  0.058,  0.009,  0.013
acc,16349978243000,  8.616, -1.219,  5.202
ori,16349978243000, 137.934, -2.029, 57.299
gyr,16350117691000, -0.029,  0.000, -0.011
acc,16350128556000,  8.357,  0.121,  5.367
ori,16350128556000, 137.947, -1.691, 57.217
gyr,16350278808000, -0.017,  0.013,  0.005
acc,16350288544000,  8.219,  0.211,  5.346
ori,16350288544000, 137.870, -1.729, 57.210
gyr,16350438002000,  0.010, -0.005,  0.007
acc,16350447677000,  8.317,  0.113,  5.336
ori,16350447677000, 137.752, -1.703, 57.150
acc,16350599638000,  8.226,  0.221,  5.291
ori,16350599638000, 138.024, -1.635, 57.229
gyr,16350600859000, -0.009,  0.004,  0.003
gyr,16350752698000, -0.008,  0.011,  0.015
acc,16350760847000,  8.308,  0.224,  5.383
ori,16350760847000, 138.047, -1.582, 57.192
acc,16350911740000,  8.279,  0.169,  5.306
ori,16350911740000, 138.143, -1.497, 57.188
gyr,16350913052000, -0.012,  0.004,  0.022
gyr,16351065501000, -0.034, -0.003,  0.007
acc,16351072063000,  8.235,  0.029,  5.344
ori,16351072063000, 138.243, -1.413, 57.177
gyr,16351226740000,  0.048, -0.001,  0.096
acc,16351232661000,  9.108, -0.032,  5.253
ori,16351232661000, 137.735, -1.731, 57.255
gyr,16351387705000, -0.061, -0.001, -0.029
acc,16351389353000,  8.370,  0.172,  5.346
ori,16351389353000, 139.076, -1.096, 57.343
gyr,16351549005000, -0.144,  0.028, -0.022
acc,16351550317000,  8.367,  0.672,  5.428
ori,16351550317000, 139.391, -1.075, 57.411
gyr,16351713388000,  0.201,  0.025, -0.120
acc,16351714609000,  6.309, -1.809,  4.984
ori,16351714609000, 139.222, -1.421, 57.734
gyr,16351872857000, -0.021,  0.019, -0.037
acc,16351875512000,  8.295,  0.281,  5.433
ori,16351875512000, 139.920, -1.168, 57.434
gyr,16352034645000,  0.021,  0.002,  0.006
acc,16352038521000,  8.245,  0.266,  5.294
ori,16352038521000, 140.125, -1.094, 57.481
gyr,16352195426000, -0.011, -0.010,  0.012
acc,16352198021000,  8.289,  0.161,  5.332
ori,16352198021000, 140.105, -1.052, 57.452
acc,16352351965000,  8.283,  0.209,  5.360
ori,16352351965000, 140.138, -1.027, 57.423
gyr,16352354377000, -0.011,  0.012,  0.012
acc,16352502522000,  8.292,  0.193,  5.340
ori,16352502522000, 139.920, -1.038, 57.319
gyr,16352516684000, -0.006,  0.008,  0.017
acc,16352654239000,  8.238,  0.145,  5.387
ori,16352654239000, 139.772, -1.029, 57.216
gyr,16352667760000, -0.019,  0.003,  0.005
acc,16352812945000,  8.226,  0.187,  5.394
ori,16352812945000, 139.589, -1.047, 57.129
gyr,16352828450000,  0.011,  0.009,  0.016
acc,16352974367000,  7.919,  1.757,  5.352
ori,16352974367000, 139.579, -1.096, 57.080
gyr,16352989750000,  0.302, -0.161,  0.143
acc,16353134447000,  8.445,  0.521,  5.428
ori,16353134447000, 139.700, -0.879, 57.025
gyr,16353150409000, -0.083, -0.001,  0.018
acc,16353285645000,  7.328, -0.888,  5.866
ori,16353285645000, 138.461, -1.641, 56.945
gyr,16353301454000,  0.131,  0.051, -0.070
acc,16353447433000,  8.177,  0.403,  5.475
ori,16353447433000, 138.637, -1.573, 56.667
gyr,16353462327000, -0.035,  0.017, -0.029
acc,16353607482000,  9.182,  1.085,  5.227
ori,16353607482000, 136.850, -2.721, 56.579
gyr,16353622559000,  0.078,  0.003,  0.011
acc,16353766707000,  8.271,  0.224,  5.453
ori,16353766707000, 137.187, -2.321, 56.524
gyr,16353773665000, -0.011,  0.004, -0.015
acc,16353929106000,  8.187,  0.296,  5.414
ori,16353929106000, 137.358, -2.206, 56.520
gyr,16353935149000,  0.002,  0.023,  0.005
acc,16354089368000,  8.215,  0.226,  5.476
ori,16354089368000, 137.368, -2.087, 56.438
gyr,16354095716000, -0.007,  0.006, -0.002
acc,16354253965000,  8.266,  0.343,  5.482
ori,16354253965000, 137.436, -2.015, 56.386
gyr,16354255307000, -0.014,  0.015,  0.003
gyr,16354406566000, -0.015,  0.002,  0.013
acc,16354413495000,  8.231,  0.275,  5.459
ori,16354413495000, 137.376, -1.999, 56.362
gyr,16354569850000, -0.033,  0.019,  0.069
acc,16354575710000,  9.046,  1.785,  4.221
ori,16354575710000, 137.563, -1.956, 56.433
gyr,16354728190000, -0.191, -0.008,  0.048
acc,16354732432000,  8.406,  0.518,  5.483
ori,16354732432000, 138.362, -1.446, 56.458
acc,16354882989000,  6.918, -1.047,  5.412
ori,16354882989000, 137.810, -1.902, 56.433
gyr,16354890681000,  0.040,  0.127, -0.087
acc,16355042214000,  8.346,  0.350,  5.571
ori,16355042214000, 137.696, -1.694, 56.215
gyr,16355050638000, -0.019,  0.012, -0.016
acc,16355202934000,  8.951, -0.284,  5.306
ori,16355202934000, 136.882, -2.681, 56.208
gyr,16355210961000,  0.017, -0.030,  0.056
acc,16355361183000,  8.294,  0.353,  5.553
ori,16355361183000, 138.083, -2.343, 56.078
gyr,16355376626000, -0.015, -0.003, -0.002
acc,16355515463000,  8.140,  0.207,  5.568
ori,16355515463000, 137.999, -2.326, 56.009
gyr,16355537407000, -0.021,  0.014, -0.003
acc,16355676214000,  8.208,  0.229,  5.597
ori,16355676214000, 137.925, -2.332, 55.935
gyr,16355699684000, -0.012, -0.013, -0.004
acc,16355837575000,  8.188,  0.354,  5.533
ori,16355837575000, 138.242, -2.063, 55.912
gyr,16355851401000, -0.005,  0.001,  0.033
acc,16355997960000,  8.033,  0.221,  5.414
ori,16355997960000, 138.547, -1.875, 55.864
gyr,16356012945000, -0.063,  0.055, -0.008
acc,16356157642000,  8.033,  0.555,  5.696
ori,16356157642000, 136.595, -2.354, 55.156
gyr,16356175863000,  0.125,  0.076,  0.008
acc,16356318057000,  8.345,  0.500,  5.709
ori,16356318057000, 135.582, -2.503, 54.288
gyr,16356326725000,  0.009,  0.105,  0.126
gyr,16356477557000,  0.028,  0.120,  0.047
acc,16356479419000,  8.007, -0.254,  5.910
ori,16356479419000, 135.870, -1.867, 53.245
gyr,16356629274000, -0.105,  0.085, -0.123
acc,16356635469000,  7.456, -0.435,  5.915
ori,16356635469000, 136.908, -1.479, 52.554
gyr,16356782120000,  0.045,  0.097,  0.070
acc,16356799089000,  7.440,  0.652,  6.190
ori,16356799089000, 136.177, -1.564, 51.695
gyr,16356935271000, -0.114,  0.186, -0.016
acc,16356949188000,  7.278,  0.042,  6.190
ori,16356949188000, 135.469, -1.583, 50.358
gyr,16357094770000,  0.065,  0.100, -0.083
acc,16357110855000,  7.991,  0.821,  6.533
ori,16357110855000, 133.077, -2.469, 48.920
gyr,16357257535000, -0.126, -0.317, -0.162
acc,16357261412000,  6.984,  1.174,  7.034
ori,16357261412000, 132.470, -4.572, 48.927
gyr,16357418195000,  0.198, -1.704, -0.176
acc,16357422712000,  8.118,  1.034,  6.770
ori,16357422712000, 145.094, -5.134, 55.612
acc,16357572841000,  8.474,  1.756,  5.142
ori,16357572841000, 157.317, -5.998, 65.785
gyr,16357577694000,  0.011, -0.628, -0.014
acc,16357728953000,  9.184,  0.032,  3.211
ori,16357728953000, 155.786, -5.884, 74.674
gyr,16357734996000, -0.379, -0.952, -0.062
acc,16357886957000,  8.323, -0.864,  0.795
ori,16357886957000, 159.302, -4.405, 78.288
gyr,16357896602000, -1.013,  0.284, -0.035
gyr,16358049539000, -0.140,  0.659,  0.208
acc,16358050821000,  6.582,  1.637,  3.886
ori,16358050821000, 153.109, -2.464, 73.640
gyr,16358207390000, -0.233,  0.313,  0.301
acc,16358209649000,  7.700,  0.950,  4.005
ori,16358209649000, 149.470, -2.047, 67.938
gyr,16358357642000,  0.030, -0.877,  0.284
acc,16358371376000,  9.722,  1.002,  2.694
ori,16358371376000, 153.785, -0.047, 68.814
gyr,16358519431000,  0.325, -0.744,  0.419
acc,16358521903000,  9.368,  0.356,  1.539
ori,16358521903000, 168.537,  0.287, 82.450
gyr,16358679937000,  0.295, -0.660, -0.085
acc,16358681341000,  9.157, -0.198,  0.254
ori,16358681341000, 164.574, 179.237, 88.255
gyr,16358839925000, -0.033, -0.809, -0.739
acc,16358842977000,  9.462, -0.289, -0.816
ori,16358842977000, 165.471, -176.595, 81.713
gyr,16358999821000,  0.052, -0.888, -0.352
acc,16359001500000,  9.580,  0.492, -1.635
ori,16359001500000, 192.097, -171.373, 75.332
gyr,16359159535000, -0.701, -0.987, -0.624
acc,16359160572000,  9.370,  4.040, -3.364
ori,16359160572000, 220.970, -164.808, 67.685
gyr,16359320682000, -0.727, -0.524,  0.780
acc,16359322269000,  8.751,  2.768, -5.007
ori,16359322269000, 245.969, -163.849, 62.286
acc,16359472643000,  7.951,  3.055, -4.675
ori,16359472643000, 265.536, -167.316, 56.712
gyr,16359483752000, -0.692, -0.848,  0.778
gyr,16359634645000,  0.090, -0.238,  0.782
acc,16359635896000,  7.045,  1.955, -5.627
ori,16359635896000, 243.864, -171.659, 51.711
gyr,16359784866000,  0.271,  0.495, -0.025
acc,16359787430000,  8.641,  0.789, -6.565
ori,16359787430000, 237.328, -174.150, 54.935
gyr,16359943908000,  0.194,  0.064, -0.100
acc,16359947540000,  8.878,  0.930, -5.224
ori,16359947540000, 250.732, -173.660, 56.606
gyr,16360107436000, -0.157,  0.078, -0.243
acc,16360109725000,  8.232,  1.289, -5.704
ori,16360109725000, 263.428, -172.278, 56.707
gyr,16360266722000, -0.089, -0.332, -0.358
acc,16360272368000,  7.699,  1.642, -5.146
ori,16360272368000, 277.678, -170.722, 56.151
gyr,16360434248000, -0.156, -0.139, -0.228
acc,16360435469000,  8.316,  2.355, -5.821
ori,16360435469000, 298.820, -168.554, 54.890
gyr,16360593473000,  0.055, -0.122, -0.097
acc,16360597197000,  8.300,  2.116, -5.680
ori,16360597197000, 306.461, -167.578, 53.967
gyr,16360753705000,  0.020,  0.120,  0.128
acc,16360756879000,  7.919,  2.243, -5.465
ori,16360756879000, 298.402, -167.989, 53.550
gyr,16360914578000,  0.088, -0.081, -0.023
acc,16360917325000,  7.703,  2.015, -5.744
ori,16360917325000, 293.549, -168.302, 53.603
gyr,16361081280000,  0.054,  0.170,  0.062
acc,16361082471000,  7.514,  2.179, -5.696
ori,16361082471000, 295.292, -168.094, 53.989
gyr,16361231715000, -0.009,  0.038, -0.018
acc,16361233577000,  8.044,  1.826, -5.350
ori,16361233577000, 290.089, -168.428, 55.279
gyr,16361391764000, -0.032,  0.209,  0.046
acc,16361393504000,  7.747,  1.975, -5.350
ori,16361393504000, 288.044, -168.704, 56.232
gyr,16361554163000,  0.235,  0.712,  0.244
acc,16361555414000,  8.827,  1.910, -4.853
ori,16361555414000, 270.302, -170.298, 61.416
gyr,16361714609000,  0.451,  0.659,  0.330
acc,16361717294000,  9.461,  1.169, -4.602
ori,16361717294000, 249.390, -173.491, 65.857
gyr,16361876153000,  0.464,  0.863,  0.984
acc,16361877404000, 11.204, -0.431, -3.310
ori,16361877404000, 213.624, 177.929, 73.985
gyr,16362037728000, -0.174,  0.397,  0.967
acc,16362038949000,  9.451, -1.938, -1.346
ori,16362038949000, 176.120, 169.867, 76.468
gyr,16362198967000, -0.130, -0.137,  0.512
acc,16362202294000,  8.443, -3.240, -0.178
ori,16362202294000, 160.758, 162.527, 79.203
acc,16362353797000,  7.963, -3.531, -1.377
ori,16362353797000, 156.132, 160.180, 76.185
gyr,16362359840000, -0.422, -0.530, -0.062
acc,16362509237000,  8.045, -4.105, -1.097
ori,16362509237000, 154.107, 158.740, 77.591
gyr,16362512442000, -0.461,  0.832,  0.202
acc,16362670201000,  8.232, -3.071, -0.415
ori,16362670201000, 156.221, 16.981, 89.818
gyr,16362674871000,  1.125,  2.790, -0.731
acc,16362829060000,  9.055, -1.171,  1.123
ori,16362829060000, 159.186, 10.734, 78.102
gyr,16362831410000, -0.752,  0.649, -0.383
acc,16362989383000,  8.878, -0.910,  2.585
ori,16362989383000, 171.807,  8.397, 79.075
gyr,16362991917000, -0.457, -0.412, -0.385
acc,16363152026000,  9.716, -1.497,  2.031
ori,16363152026000, 168.014,  7.393, 77.759
gyr,16363153736000, -0.087,  0.390,  0.146
acc,16363313205000,  9.471, -1.557,  2.869
ori,16363313205000, 164.490,  7.051, 75.071
gyr,16363314547000,  0.083,  0.493, -0.159
acc,16363476336000,  8.530, -1.049,  2.415
ori,16363476336000, 158.120,  5.765, 70.529
gyr,16363477587000,  0.240, -0.069, -0.011
gyr,16363628388000,  0.119,  0.061,  0.339
acc,16363638002000,  8.990, -1.046,  3.115
ori,16363638002000, 167.574,  7.394, 72.306
gyr,16363789780000,  0.954,  1.685,  0.285
acc,16363799974000,  9.835, -2.672, 10.658
ori,16363799974000, 144.013,  7.212, 59.045
gyr,16363948761000,  1.010, -0.279,  0.177
acc,16363957368000,  6.941, -1.030,  4.820
ori,16363957368000, 140.933,  4.543, 53.987
gyr,16364105636000,  0.521, -0.934,  0.055
acc,16364116653000,  8.484, -0.353,  1.563
ori,16364116653000, 152.474,  2.132, 61.517
gyr,16364257749000, -0.006, -0.195,  0.203
acc,16364278564000,  9.551, -0.716,  4.152
ori,16364278564000, 157.466,  2.290, 67.715
gyr,16364416882000,  0.141,  0.002,  0.203
acc,16364430281000,  8.486, -0.568,  2.708
ori,16364430281000, 155.896,  2.991, 68.130
gyr,16364568294000,  0.084,  0.433,  0.213
acc,16364592100000,  8.825, -0.763,  4.128
ori,16364592100000, 152.154,  4.812, 65.771
gyr,16364728770000,  0.240,  0.595,  0.061
acc,16364752210000,  9.074, -1.253,  4.760
ori,16364752210000, 143.500,  5.531, 60.426
gyr,16364879968000,  0.199,  0.345, -0.113
acc,16364917325000,  8.402, -0.889,  5.474
ori,16364917325000, 140.659,  4.006, 57.572
gyr,16365030555000,  0.015,  0.208, -0.016
acc,16365077648000,  8.069, -0.675,  5.723
ori,16365077648000, 138.091,  3.379, 55.034
gyr,16365192222000,  0.012,  0.041, -0.028
acc,16365228083000,  8.015, -0.679,  5.776
ori,16365228083000, 139.602,  3.036, 54.295
gyr,16365342321000, -0.027,  0.064,  0.013
acc,16365389261000,  8.073, -0.535,  5.776
ori,16365389261000, 142.513,  3.126, 54.032
gyr,16365504354000,  0.003,  0.012, -0.024
acc,16365541375000,  7.943, -0.482,  5.740
ori,16365541375000, 144.062,  3.022, 54.001
gyr,16365655460000, -0.004,  0.017, -0.005
acc,16365702492000,  7.946, -0.473,  5.765
ori,16365702492000, 144.084,  2.892, 53.964
gyr,16365818897000, -0.005,  0.007, -0.019
acc,16365857749000,  7.962, -0.412,  5.827
ori,16365857749000, 144.282,  2.757, 53.851
gyr,16365981204000, -0.003,  0.004, -0.001
acc,16366016821000,  7.954, -0.424,  5.817
ori,16366016821000, 144.945,  2.701, 53.845
gyr,16366142687000,  0.005, -0.010,  0.007
acc,16366176840000,  7.987, -0.573,  5.737
ori,16366176840000, 145.118,  2.731, 53.901
gyr,16366303682000, -0.006, -0.001,  0.011
acc,16366326878000,  7.935, -0.497,  5.859
ori,16366326878000, 145.269,  2.729, 53.970
gyr,16366455307000, -0.003, -0.016, -0.005
acc,16366479663000,  8.036, -0.485,  5.717
ori,16366479663000, 145.424,  2.770, 54.032
gyr,16366616241000, -0.005, -0.010, -0.017
acc,16366639132000,  8.036, -0.395,  5.857
ori,16366639132000, 145.548,  2.645, 54.170
gyr,16366767195000, -0.066, -0.611, -0.069
acc,16366789506000,  9.254, -0.454,  6.142
ori,16366789506000, 149.734,  2.502, 56.764
gyr,16366928282000, -0.135, -1.224, -0.108
acc,16366949493000,  8.690, -0.126,  4.457
ori,16366949493000, 163.161,  2.068, 66.396
gyr,16367081799000,  0.070, -1.147, -0.063
acc,16367112167000,  9.046, -0.233,  2.137
ori,16367112167000, 163.755,  1.231, 76.887
gyr,16367235317000,  0.077, -0.746, -0.043
acc,16367273864000,  9.476, -0.025,  0.518
ori,16367273864000, 162.593,  0.656, 84.828
gyr,16367394389000,  0.038, -0.421,  0.018
acc,16367436110000,  9.193, -0.151, -0.548
ori,16367436110000, 165.039, 179.529, 89.755
gyr,16367556147000, -0.035, -0.071,  0.046
acc,16367596586000, 10.011, -0.086, -0.546
ori,16367596586000, 164.884, 179.278, 88.728
gyr,16367718820000, -0.055,  0.048,  0.024
acc,16367757856000,  9.779, -0.003, -0.315
ori,16367757856000, 164.038, 179.125, 88.372
gyr,16367881402000,  0.007,  0.052,  0.022
acc,16367919400000,  9.883, -0.159, -0.067
ori,16367919400000, 161.968, 179.002, 88.731
gyr,16368040230000, -0.009,  0.030,  0.013
acc,16368071025000,  9.780, -0.164, -0.114
ori,16368071025000, 161.228, 178.914, 89.007
gyr,16368197410000, -0.037,  0.018,  0.012
acc,16368231959000,  9.774, -0.113, -0.113
ori,16368231959000, 160.885, 178.884, 89.148
gyr,16368359351000, -0.023,  0.012, -0.003
acc,16368391032000,  9.822, -0.365, -0.181
ori,16368391032000, 160.487, 178.936, 89.289
gyr,16368509969000, -0.519,  0.002, -0.012
acc,16368550562000,  9.345, -1.823, -0.572
ori,16368550562000, 161.672, 178.489, 89.259
gyr,16368670323000, -1.742,  0.255, -0.084
acc,16368712075000, 10.206, -0.767,  0.567
ori,16368712075000, 164.692,  1.461, 89.214
gyr,16368820606000, -1.829,  0.372, -0.093
acc,16368872948000,  9.705,  0.716,  1.326
ori,16368872948000, 173.170,  0.490, 86.473
gyr,16368973391000, -0.993,  0.220, -0.065
acc,16369033455000,  9.814,  0.946,  1.454
ori,16369033455000, 182.140,  0.016, 84.069
gyr,16369127183000, -0.154,  0.096,  0.003
acc,16369191337000,  9.971,  0.421,  1.416
ori,16369191337000, 185.703, -0.288, 82.701
gyr,16369285187000,  0.068,  0.014, -0.024
acc,16369349280000,  9.681,  0.189,  1.463
ori,16369349280000, 185.585, -0.814, 82.369
gyr,16369445632000,  0.034,  0.024,  0.034
acc,16369501271000,  9.702,  0.117,  1.419
ori,16369501271000, 187.141, -0.822, 82.163
gyr,16369604979000, -0.027, -0.013,  0.034
acc,16369661381000,  9.720,  0.193,  1.285
ori,16369661381000, 187.638, -0.649, 82.279
gyr,16369765669000,  0.025,  0.027,  0.060
acc,16369820453000,  9.203,  1.165,  1.304
ori,16369820453000, 187.024, -0.355, 82.038
gyr,16369917569000,  0.995,  0.681,  0.414
acc,16369982181000,  9.278,  0.802,  2.029
ori,16369982181000, 175.598,  0.165, 77.190
gyr,16370067699000,  1.538,  0.921,  0.520
acc,16370142474000,  9.570, -0.720,  3.679
ori,16370142474000, 158.518,  0.424, 68.827
gyr,16370225336000,  1.074,  0.676,  0.365
acc,16370304018000,  9.182, -0.982,  5.238
ori,16370304018000, 150.656,  0.151, 61.971
gyr,16370375344000,  0.352,  0.316,  0.174
acc,16370464128000,  8.438, -0.688,  5.584
ori,16370464128000, 148.831,  0.464, 58.946
gyr,16370536858000, -0.046,  0.078,  0.023
acc,16370614532000,  8.134, -0.395,  5.396
ori,16370614532000, 150.571,  0.905, 58.147
gyr,16370687751000, -0.136,  0.031, -0.017
acc,16370776229000,  8.340,  0.184,  5.422
ori,16370776229000, 153.047,  1.209, 58.043
gyr,16370841726000,  0.165, -0.005,  0.093
acc,16370938140000,  8.246,  2.261,  6.130
ori,16370938140000, 152.217, -0.548, 58.126
gyr,16371002996000,  1.668, -0.235,  0.616
acc,16371089216000,  7.964,  0.742,  5.213
ori,16371089216000, 150.990, -4.038, 61.106
gyr,16371164509000,  2.109, -0.471,  0.814
acc,16371248959000,  8.744, -0.888,  4.085
ori,16371248959000, 139.170, -5.315, 65.613
gyr,16371318088000,  0.987, -0.045,  0.501
acc,16371401103000,  8.973, -0.710,  3.739
ori,16371401103000, 134.045, -3.609, 66.681
gyr,16371468736000,  0.317,  0.044,  0.321
acc,16371562220000,  8.928, -0.300,  3.806
ori,16371562220000, 129.013, -1.535, 66.542
gyr,16371618805000,  0.067,  0.010,  0.103
acc,16371723856000,  9.249, -0.054,  4.130
ori,16371723856000, 126.593, -0.773, 66.491
gyr,16371778671000, -0.061,  0.012, -0.025
acc,16371884912000,  8.878,  0.305,  4.035
ori,16371884912000, 123.346, -0.946, 66.575
gyr,16371939849000, -0.023,  0.007, -0.055
acc,16372047494000,  9.129,  0.329,  4.063
ori,16372047494000, 121.472, -1.415, 66.623
gyr,16372098555000, -0.117, -0.233, -0.045
acc,16372207116000,  9.287,  0.462,  4.047
ori,16372207116000, 128.986, -0.767, 70.631
gyr,16372260649000, -0.757, -0.919,  0.025
acc,16372357978000,  9.000,  0.403,  2.338
ori,16372357978000, 142.162,  0.737, 77.984
gyr,16372421308000, -0.505, -0.641,  0.194
acc,16372517874000,  9.407,  0.057,  0.785
ori,16372517874000, 145.802,  2.314, 84.272
gyr,16372571712000, -0.193, -0.435,  0.052
acc,16372679663000,  9.772, -0.476, -0.008
ori,16372679663000, 147.922,  2.723, 88.272
gyr,16372732951000, -0.065, -0.247,  0.017
acc,16372839345000,  9.488, -0.436, -0.472
ori,16372839345000, 149.729, 177.114, 89.453
gyr,16372892420000, -0.079, -0.059,  0.005
acc,16373001958000,  9.737, -0.276, -0.325
ori,16373001958000, 147.797, 177.223, 88.723
gyr,16373055124000, -0.018,  0.017, -0.002
acc,16373162953000, 10.142, -0.907, -0.255
ori,16373162953000, 145.602, 177.198, 88.371
gyr,16373215661000, -0.501, -0.324, -0.012
acc,16373323948000,  9.759, -0.509, -0.316
ori,16373323948000, 155.983, 177.228, 84.224
gyr,16373375619000, -1.000, -0.738,  0.170
acc,16373482837000,  9.167,  0.340, -1.437
ori,16373482837000, 170.048, 177.322, 77.911
gyr,16373535729000, -0.749, -0.476,  0.182
acc,16373641482000,  9.356,  0.042, -2.728
ori,16373641482000, 172.406, 178.033, 74.113
gyr,16373698555000, -0.281, -0.235, -0.035
acc,16373791917000,  9.181,  0.173, -3.268
ori,16373791917000, 175.929, 179.228, 72.249
gyr,16373858756000, -0.026, -0.095, -0.052
acc,16373942107000,  9.295,  0.044, -3.376
ori,16373942107000, 174.608, 179.861, 71.382
gyr,16374020301000, -0.005, -0.004, -0.019
acc,16374102736000,  9.307,  0.031, -3.089
ori,16374102736000, 173.003, -179.836, 71.254
gyr,16374181204000, -0.014,  0.018,  0.006
acc,16374253507000,  9.206,  0.150, -2.987
ori,16374253507000, 170.722, -179.675, 71.526
gyr,16374342657000, -0.003,  0.026, -0.015
acc,16374414868000,  9.361,  0.158, -3.066
ori,16374414868000, 169.421, -179.576, 71.852
gyr,16374492756000,  0.024,  0.051,  0.003
acc,16374574489000,  9.041,  0.068, -3.007
ori,16374574489000, 168.276, -179.522, 72.288
gyr,16374652500000, -0.029,  0.202,  0.007
acc,16374734355000,  8.483,  0.171, -3.043
ori,16374734355000, 164.308, -179.560, 74.409
gyr,16374809649000,  0.005,  0.938,  0.080
acc,16374894770000,  9.758,  0.025, -1.472
ori,16374894770000, 154.400, -179.938, 81.847
gyr,16374971132000,  0.006,  0.839,  0.109
acc,16375056223000,  9.910, -0.277,  0.138
ori,16375056223000, 157.009, 179.202, 89.232
gyr,16375121262000, -0.079,  0.674,  0.028
acc,16375208276000,  9.765, -0.209,  1.384
ori,16375208276000, 154.800,  1.109, 84.917
gyr,16375271880000, -0.027,  0.501,  0.004
acc,16375365822000,  9.987, -0.250,  2.297
ori,16375365822000, 152.545,  1.079, 80.116
gyr,16375433424000,  0.037,  0.214, -0.034
acc,16375527458000,  9.520, -0.146,  2.361
ori,16375527458000, 150.896,  0.626, 77.872
gyr,16375588132000,  0.019,  0.120, -0.032
acc,16375687445000,  9.948, -0.156,  2.351
ori,16375687445000, 149.692,  0.325, 76.845
gyr,16375746106000, -0.011, -0.023, -0.034
acc,16375849234000,  9.511,  0.024,  2.206
ori,16375849234000, 151.953,  0.029, 76.976
gyr,16375905361000, -0.005, -0.026, -0.021
acc,16375999272000,  9.626,  0.009,  2.123
ori,16375999272000, 153.433, -0.179, 77.185
gyr,16376057139000, -0.018,  0.004, -0.001
acc,16376158131000,  9.608,  0.108,  2.057
ori,16376158131000, 153.610, -0.313, 77.245
gyr,16376216730000, -0.024,  0.010, -0.025
acc,16376308871000,  9.668, -0.547,  2.096
ori,16376308871000, 153.800, -0.325, 77.273
gyr,16376369362000, -0.471, -0.020, -0.067
acc,16376469316000,  9.604, -0.179,  2.069
ori,16376469316000, 154.876,  0.248, 77.017
gyr,16376527519000, -0.811,  0.077, -0.203
acc,16376632295000,  9.650,  0.180,  2.303
ori,16376632295000, 155.825, -0.063, 76.053
gyr,16376678228000, -0.760,  0.148, -0.264
acc,16376793412000,  9.434,  0.590,  2.693
ori,16376793412000, 157.773, -0.896, 74.629
gyr,16376829365000, -0.503,  0.130, -0.153
acc,16376955384000,  9.528,  0.536,  3.045
ori,16376955384000, 160.462, -1.374, 73.292
gyr,16376989078000, -0.036,  0.075, -0.007
acc,16377116196000,  9.352,  0.229,  3.066
ori,16377116196000, 163.407, -1.603, 72.814
gyr,16377139330000,  0.068,  0.010, -0.010
acc,16377281799000,  9.291,  0.296,  2.910
ori,16377281799000, 165.901, -1.929, 72.902
gyr,16377289399000,  0.024, -0.017, -0.014
acc,16377442245000,  9.439,  0.450,  2.755
ori,16377442245000, 167.927, -2.181, 73.123
gyr,16377449478000, -0.016, -0.025, -0.013
acc,16377594633000,  9.455,  0.539,  2.764
ori,16377594633000, 168.400, -2.387, 73.338
gyr,16377610381000,  0.031, -0.003,  0.011
acc,16377757276000,  9.669,  0.532,  2.894
ori,16377757276000, 168.763, -2.468, 73.493
gyr,16377771010000,  0.063, -0.075,  0.028
acc,16377916714000, 10.063,  0.590,  3.136
ori,16377916714000, 172.291, -2.581, 75.253
gyr,16377930510000,  0.198, -0.495,  0.049
acc,16378077770000,  9.489,  0.405,  2.123
ori,16378077770000, 177.301, -2.693, 80.273
gyr,16378092176000,  0.256, -0.657,  0.037
acc,16378238979000,  9.530,  0.283,  0.456
ori,16378238979000, 176.998, -2.849, 86.320
gyr,16378255887000,  0.216, -0.644, -0.031
acc,16378402599000,  9.339,  0.448, -0.782
ori,16378402599000, 179.388, -176.671, 88.251
gyr,16378417096000,  0.179, -0.355, -0.030
acc,16378562068000,  9.813,  0.428, -1.392
ori,16378562068000, 181.727, -176.726, 85.084
gyr,16378577969000,  0.061, -0.237,  0.026
acc,16378714242000,  9.512,  0.477, -1.502
ori,16378714242000, 183.869, -177.074, 83.211
gyr,16378728037000, -0.003, -0.081,  0.053
acc,16378873528000,  9.663,  0.423, -1.319
ori,16378873528000, 181.556, -177.381, 82.583
gyr,16378880090000,  0.015,  0.013,  0.036
acc,16379033485000,  9.677,  0.394, -1.258
ori,16379033485000, 178.542, -177.543, 82.680
gyr,16379040383000,  0.009,  0.032,  0.018
gyr,16379190665000, -0.014,  0.029,  0.017
acc,16379196037000,  9.716,  0.375, -1.145
ori,16379196037000, 177.299, -177.646, 82.897
gyr,16379342016000, -0.022,  0.015,  0.004
acc,16379359199000,  9.662,  0.474, -1.089
ori,16379359199000, 176.833, -177.627, 83.084
gyr,16379502248000, -0.006,  0.011,  0.002
acc,16379519980000,  9.746,  0.397, -1.158
ori,16379519980000, 176.564, -177.566, 83.217
gyr,16379654728000, -0.009,  0.022,  0.008
acc,16379679937000,  9.750,  0.384, -1.148
ori,16379679937000, 176.456, -177.517, 83.303
gyr,16379814410000, -0.006,  0.022, -0.001
acc,16379839773000,  9.649,  0.467, -1.125
ori,16379839773000, 176.108, -177.447, 83.486
gyr,16379977267000,  0.004,  0.049,  0.021
acc,16379991001000,  9.655,  0.481, -1.105
ori,16379991001000, 175.188, -177.498, 83.819
gyr,16380127732000,  0.215,  0.866,  0.212
acc,16380141558000, 10.028,  0.670, -0.907
ori,16380141558000, 168.331, -178.481, 87.062
gyr,16380289338000, -0.273,  0.219,  0.004
acc,16380293702000,  8.940,  0.360, -0.347
ori,16380293702000, 163.479, -1.218, 89.652
gyr,16380449203000, -0.472, -0.033,  0.013
acc,16380453690000,  9.091,  0.123,  0.462
ori,16380453690000, 168.060, -1.201, 88.863
gyr,16380611144000, -0.386, -0.019, -0.064
acc,16380616241000,  9.169, -0.262, -0.303
ori,16380616241000, 171.819, -1.416, 89.300
gyr,16380761854000,  0.042, -0.421,  0.261
acc,16380778305000,  8.869, -0.011, -0.438
ori,16380778305000, 176.953, -178.774, 89.821
gyr,16380923887000,  0.058,  0.044,  0.357
acc,16380938475000,  9.228,  0.007, -0.696
ori,16380938475000, 179.377, 178.173, 88.576
gyr,16381087598000, -0.221, -0.198,  0.721
acc,16381088819000,  9.756, -0.903, -0.376
ori,16381088819000, 179.039, 173.667, 83.800
gyr,16381247372000, -0.058, -1.172,  0.201
acc,16381249600000, 10.795, -2.463, -1.878
ori,16381249600000, 176.125, 170.461, 78.372
gyr,16381406688000,  1.057, -0.957, -0.333
acc,16381407879000,  9.403, -2.189, -2.764
ori,16381407879000, 164.318, 167.582, 70.635
acc,16381559107000,  8.670, -1.663, -3.758
ori,16381559107000, 192.126, 173.297, 59.432
gyr,16381567012000, -0.112, -1.099, -1.239
gyr,16381718546000,  0.033, -0.294, -0.614
acc,16381720713000,  8.210,  0.399, -5.602
ori,16381720713000, 208.641, -179.222, 55.710
gyr,16381878961000,  0.307, -0.185, -0.611
acc,16381880761000,  8.195,  1.404, -5.729
ori,16381880761000, 223.832, -174.158, 54.108
gyr,16382040475000,  0.141,  0.287, -0.200
acc,16382041787000,  8.675,  0.582, -5.295
ori,16382041787000, 223.037, -173.415, 55.493
acc,16382195701000,  7.812,  1.378, -5.807
ori,16382195701000, 231.252, -172.689, 54.818
gyr,16382204827000, -0.120,  0.037, -0.245
acc,16382357184000,  8.028,  1.396, -5.555
ori,16382357184000, 241.098, -171.369, 56.512
gyr,16382366554000, -0.003,  0.362, -0.000
acc,16382518118000,  8.271,  0.994, -4.958
ori,16382518118000, 248.784, -171.092, 59.232
gyr,16382526847000, -0.156,  0.217,  0.100
gyr,16382677252000, -0.439, -0.249,  0.156
acc,16382678503000,  7.383,  1.617, -4.767
ori,16382678503000, 264.490, -169.981, 58.855
acc,16382832173000,  8.141,  1.921, -5.115
ori,16382832173000, 290.119, -167.160, 57.966
gyr,16382839315000, -0.120,  0.527,  0.347
gyr,16382989689000,  0.028,  0.040, -0.114
acc,16382993076000,  8.814,  3.087, -5.185
ori,16382993076000, 288.647, -166.833, 59.645
gyr,16383150897000, -0.436,  0.587, -0.137
acc,16383153217000,  6.257,  5.996, -5.453
ori,16383153217000, 287.320, -166.683, 61.483
gyr,16383307253000,  0.251, -0.305, -0.289
acc,16383311465000,  7.658,  2.288, -3.937
ori,16383311465000, 287.972, -165.506, 61.430
gyr,16383469591000, -0.916,  0.415,  0.720
acc,16383470842000,  7.032,  0.156, -5.211
ori,16383470842000, 291.404, -166.060, 59.247
gyr,16383627320000, -0.311,  0.305, -0.051
acc,16383628968000,  8.477,  4.244, -3.547
ori,16383628968000, 278.688, -160.665, 67.355
acc,16383779647000,  8.584,  3.664, -3.425
ori,16383779647000, 280.440, -159.534, 68.714
gyr,16383787247000, -0.039,  0.138, -0.034
gyr,16383938933000, -0.264, -0.508,  0.328
acc,16383940520000,  8.199,  2.941, -3.967
ori,16383940520000, 283.325, -160.311, 67.487
acc,16384091993000,  8.525,  3.011, -3.661
ori,16384091993000, 284.869, -161.663, 66.318
gyr,16384101180000, -0.219, -0.179,  0.311
acc,16384242275000,  8.956,  2.899, -4.031
ori,16384242275000, 282.762, -163.145, 66.196
gyr,16384252072000, -0.096,  0.094, -0.005
acc,16384392374000,  7.327,  3.106, -5.030
ori,16384392374000, 297.244, -162.053, 61.423
gyr,16384413495000,  0.086, -0.011,  0.089
acc,16384552912000,  8.375,  3.220, -5.301
ori,16384552912000, 294.949, -162.352, 61.079
gyr,16384564113000, -0.130,  0.036, -0.439
acc,16384703285000,  7.519,  2.729, -3.992
ori,16384703285000, 302.370, -159.938, 59.637
gyr,16384714181000, -0.130,  0.320, -0.446
acc,16384860984000,  8.779,  4.535, -3.366
ori,16384860984000, 302.795, -151.666, 66.813
gyr,16384876550000, -1.652,  1.111, -1.246
acc,16385013464000,  6.779,  6.706, -3.318
ori,16385013464000, 324.082, -141.433, 62.774
gyr,16385037361000, -0.769, -1.258, -0.905
acc,16385163868000,  5.701,  6.045, -3.484
ori,16385163868000, 329.177, -135.231, 60.096
gyr,16385198570000, -0.434, -0.387, -0.194
acc,16385325474000,  5.432,  6.585, -3.261
ori,16385325474000, 331.410, -131.396, 61.241
gyr,16385351996000,  0.132, -0.426, -0.198
acc,16385476153000,  5.704,  7.670, -3.980
ori,16385476153000, 335.216, -132.874, 52.588
gyr,16385512136000,  0.306,  0.166, -0.905
acc,16385636873000,  4.231,  9.960, -4.479
ori,16385636873000, 349.248, -127.006, 28.957
gyr,16385671972000,  0.266, -0.025, -0.678
acc,16385794663000,  2.276,  6.408, -5.411
ori,16385794663000, 358.837, -126.513, 23.238
gyr,16385829945000,  0.184,  0.013, -0.611
acc,16385954987000,  1.167,  6.072, -4.666
ori,16385954987000,  6.098, -128.278, 27.737
gyr,16385990330000,  0.730,  0.489,  0.484
acc,16386116684000,  4.804,  6.302, -7.721
ori,16386116684000, 339.292, -139.474, 31.616
gyr,16386150470000, -0.325, -0.533,  1.090
acc,16386278808000,  4.138,  7.560, -6.167
ori,16386278808000, 352.429, -141.366, 31.268
gyr,16386302370000,  0.034, -0.701,  0.031
acc,16386441848000,  3.009,  6.234, -6.625
ori,16386441848000,  6.164, -143.144, 23.079
gyr,16386465104000,  0.872, -0.704, -0.103
acc,16386594358000,  2.061,  5.529, -7.013
ori,16386594358000,  8.688, -149.039, 15.361
gyr,16386624543000,  1.050, -0.402, -0.351
acc,16386754468000,  1.884,  3.696, -9.388
ori,16386754468000,  8.334, -157.671,  9.226
gyr,16386784378000,  1.596, -0.612, -0.164
acc,16386919126000, -0.822, -1.170, -11.138
ori,16386919126000, 209.471, 176.279, -1.062
gyr,16386945648000,  5.844, -2.444,  1.478
acc,16387078076000, -5.289, -6.233, -2.379
ori,16387078076000, 302.290, 129.293, -70.158
gyr,16387105086000,  7.994, -4.777,  3.704
acc,16387239254000, -2.424, -3.024,  7.998
ori,16387239254000, 250.105, 20.497, -42.609
gyr,16387265623000, -0.546, -2.752,  0.254
acc,16387400554000, -6.136,  0.743,  7.421
ori,16387400554000, 261.508, 14.243, -21.287
gyr,16387415784000,  0.346, -2.873,  1.956
acc,16387553247000, -1.366,  0.167, 10.533
ori,16387553247000, 303.489, -8.036, -5.268
gyr,16387566493000,  0.888, -1.227,  0.538
acc,16387704689000,  0.390,  1.936, 10.089
ori,16387704689000, 243.374, -15.172, -2.352
gyr,16387726908000,  0.121, -0.116,  0.189
acc,16387855033000, -0.247,  2.417, 10.171
ori,16387855033000, 232.132, -15.767, -1.302
gyr,16387888788000,  0.226, -0.309,  0.104
acc,16388017950000, -0.214,  3.175,  9.558
ori,16388017950000, 252.227, -18.353,  0.356
gyr,16388038887000,  0.013, -0.378,  0.184
acc,16388168385000,  0.185,  3.230,  9.023
ori,16388168385000, 257.801, -19.491,  2.582
gyr,16388200462000,  0.091, -0.040,  0.161
acc,16388328251000,  0.199,  3.015, 10.160
ori,16388328251000, 248.185, -19.473,  3.671
gyr,16388364113000, -0.053, -0.150,  0.223
acc,16388488636000,  1.112,  2.835,  9.513
ori,16388488636000, 239.522, -17.771,  5.369
gyr,16388526237000, -0.462, -0.485,  0.207
acc,16388639681000,  1.007,  2.468,  9.337
ori,16388639681000, 231.450, -15.914,  7.624
gyr,16388688208000,  0.036, -0.029,  0.027
acc,16388800371000,  1.388,  2.500,  9.841
ori,16388800371000, 230.658, -15.427,  8.401
gyr,16388839132000,  0.094,  0.011, -0.008
acc,16388954438000,  1.053,  2.710,  9.104
ori,16388954438000, 232.124, -16.393,  7.491
gyr,16389000645000, -0.859, -0.867,  0.033
