gyr,45496859682825200,0.37586,-0.46974,-0.18737
gyr,45496859691166900,0.55003,0.7854,0.04648
gyr,45496859699578200,0.10121,-0.82438,0.7342
gyr,45496859707973200,-0.27117,-0.69959,0.57386
gyr,45496859716407200,-0.08542,-0.02405,0.60564
gyr,45496859724837700,-0.38516,-1.8962,0.71742
gyr,45496859733202800,0.34984,-1.2088,0.56409
gyr,45496859740770800,0.15781,-1.68125,0.28184
gyr,45496859745876600,0.2378,-1.18927,0.33098
gyr,45496859750978100,0.25343,-1.07855,0.3556
gyr,45496859755992200,0.74196,-2.66151,0.46097
gyr,45496859761087200,0.41651,-1.83117,0.70863
gyr,45496859766187800,0.37924,-1.42859,0.17193
gyr,45496859771301100,0.59322,-1.51693,0.1966
gyr,45496859776403800,0.13923,-0.33903,0.23816
gyr,45496859781509000,0.00906,-0.52109,0.0039
gyr,45496859786620000,0.20395,-0.36588,0.05684
gyr,45496859791711400,0.66053,-1.24564,0.15701
gyr,45496859796826400,0.06769,-0.79454,0.23095
gyr,45496859801928900,-0.07335,0.07022,0.33548
gyr,45496859806989600,-0.01282,-0.91918,0.37532
gyr,45496859812134200,0.04708,-0.0487,0.10485
gyr,45496859817234700,0.24777,-0.13795,0.02468
gyr,45496859822322100,0.31981,-0.26212,-0.01352
gyr,45496859827440600,0.34033,-0.39989,-0.05047
gyr,45496859832532200,0.14114,-0.34851,-0.1553
gyr,45496859837647700,0.12158,-0.3718,-0.05538
gyr,45496859842751800,0.31534,-0.09865,-0.07772
gyr,45496859847855500,0.33832,-0.23958,-0.08137
gyr,45496859852958200,-0.01383,0.67571,0.15763
gyr,45496859858064600,-0.22071,0.0592,0.06909
gyr,45496859863170000,-0.47337,0.14241,0.02963
gyr,45496859868272200,-0.24406,-0.01128,0.13202
gyr,45496859873386200,0.25023,-0.18297,-0.20596
gyr,45496859878483800,0.56337,0.05299,-0.19376
gyr,45496859883578000,0.23735,-0.0347,-0.02099
gyr,45496859888710600,0.15395,0.18658,0.03321
gyr,45496859893803600,0.18438,-0.13012,-0.03205
gyr,45496859898913000,0.12279,0.64246,-0.47761
gyr,45496859904002700,-0.04414,-0.0373,0.10733
gyr,45496859909113200,-0.04816,0.13058,0.15414
gyr,45496859914199000,-0.15905,-0.19223,0.15798
gyr,45496859919293000,0.17435,-0.08771,0.06414
gyr,45496859924265400,-0.07556,-0.30176,0.33932
gyr,45496859929419400,0.04861,-0.26688,0.35039
gyr,45496859934520400,-0.12585,-0.09139,0.19617
gyr,45496859939627800,-0.11006,-0.25267,0.16293
gyr,45496859944715600,-0.16258,-0.13125,0.11109
gyr,45496859949828400,0.33018,-0.90218,0.10883
gyr,45496859954932400,0.62139,-0.34323,-0.03327
gyr,45496859960104600,0.40489,-0.60702,0.14818
gyr,45496859965145000,-0.64849,0.36496,-0.03087
gyr,45496859970248600,-0.90707,0.30182,0.01853
gyr,45496859975245800,-0.11158,-0.17177,0.01735
gyr,45496859980354000,-0.19381,-0.27881,0.01371
gyr,45496859985460400,-0.52714,-0.12958,-0.05537
gyr,45496859990553000,-0.16375,-0.51689,-0.20083
gyr,45496859995661300,0.15539,-0.1554,-0.24049
gyr,45496860000733600,0.23412,0.06271,-0.02103
gyr,45496860005870600,0.1199,0.04681,0.10357
gyr,45496860010975400,0.53019,-0.09086,0.09862
gyr,45496860016079600,0.98097,-0.18783,0.24043
gyr,45496860021186500,0.61626,0.13584,0.10099
gyr,45496860026291400,-0.66179,0.10986,0.0457
gyr,45496860031395500,-0.39249,0.21464,-0.28001
gyr,45496860036498600,0.32641,0.0566,-0.34667
gyr,45496860041603400,-0.02131,-0.0735,-0.0086
gyr,45496860046716300,-0.16165,-0.05701,-0.00242
gyr,45496860051820000,0.04075,-0.1591,0.06296
gyr,45496860056922100,-0.11076,0.04404,0.06907
gyr,45496860062027100,0.14608,-0.16627,0.07405
gyr,45496860067119400,0.46503,0.00543,0.12203
gyr,45496860072220700,0.40959,-0.20133,0.15666
gyr,45496860077328600,0.52021,-0.31257,0.10118
gyr,45496860082434000,0.15801,-0.45906,0.04702
gyr,45496860087540100,0.63594,-0.72126,0.07048
gyr,45496860092642700,0.68325,-2.38215,-1.55335
gyr,45496860097666200,1.83708,-0.0873,1.53537
gyr,45496860107365600,0.18588,-0.47347,0.29741
gyr,45496860112332800,-0.32161,0.68128,-0.44548
gyr,45496860117161000,-0.62506,0.10669,-0.13315
gyr,45496860121930000,-1.21021,1.06463,0.33406
gyr,45496860126741700,0.19902,0.31006,-0.19627
gyr,45496860131545000,0.20786,0.19278,0.34402
gyr,45496860136349700,0.32149,0.28026,0.02081
gyr,45496860141135600,0.13039,0.20687,-0.02107
gyr,45496860145947800,0.0891,0.2952,-0.16664
gyr,45496860150737600,0.18865,0.72699,-0.16066
gyr,45496860155568400,0.14876,0.28887,0.12568
gyr,45496860160442400,0.11072,0.52688,0.39572
gyr,45496860165191200,0.01653,-0.27444,-0.06034
gyr,45496860169997400,-0.04902,0.10358,-0.0432
gyr,45496860174815000,-0.18397,0.28876,0.02089
gyr,45496860179611400,-0.45231,0.37017,-0.13451
gyr,45496860184427200,-1.31544,0.67708,-0.25043
gyr,45496860189251200,0.48473,-0.05217,-0.17891
gyr,45496860194047800,-0.47135,-0.31157,0.27402
gyr,45496860198881600,-1.11239,0.46722,0.05551
gyr,45496860203706300,-0.70205,0.4868,-0.05064
gyr,45496860208582200,-1.24083,0.66975,-0.02102
gyr,45496860213285700,-0.06603,-0.17531,-0.00116
gyr,45496860218101400,0.13081,-0.00822,-0.05429
gyr,45496860222912000,0.35628,-0.10384,-0.37129
gyr,45496860227729800,0.16091,-0.43607,0.46268
gyr,45496860232531400,0.21717,0.22391,0.01591
gyr,45496860237348800,0.17222,0.04708,0.02092
gyr,45496860242079200,0.33073,0.02905,0.17138
gyr,45496860246960400,0.29401,-0.01439,0.08877
gyr,45496860251788000,0.28425,0.57994,-0.72923
gyr,45496860256593800,-0.432,-0.58856,0.36169
gyr,45496860261403600,0.18676,0.10244,0.10477
gyr,45496860266201600,0.02948,0.04605,0.02465
gyr,45496860271025300,0.04102,-0.06528,0.06416
gyr,45496860275825800,0.22206,0.18195,-0.19622
gyr,45496860280637600,0.16338,0.05111,-0.14559
gyr,45496860285460000,0.16309,-0.03427,-0.15666
gyr,45496860290246000,0.20182,0.03269,-0.17643
gyr,45496860295114000,0.10147,-0.08853,-0.01972
gyr,45496860299873500,0.21452,0.12674,0.00855
gyr,45496860304734000,0.14376,-0.1341,0.0543
gyr,45496860309747200,0.19708,-0.1006,-0.09497
gyr,45496860314310200,0.087,-0.22064,-0.03323
gyr,45496860319126800,0.05044,-0.12784,-0.17141
gyr,45496860323937100,-0.01787,-0.05635,-0.04068
gyr,45496860328734300,0.05018,-0.07963,0.02222
gyr,45496860333471400,0.00456,0.00309,-0.03331
gyr,45496860338351600,0.01868,-0.22675,-0.143
gyr,45496860343167600,0.07174,-0.07936,-0.14676
gyr,45496860347982900,0.1774,0.10839,-0.19249
gyr,45496860352748900,0.20804,0.07217,-0.11231
gyr,45496860357616900,0.19939,0.16938,-0.00256
gyr,45496860362401000,0.2025,0.10851,-0.05928
gyr,45496860367233500,0.14007,0.11762,-0.17028
gyr,45496860371976600,0.10658,0.17603,-0.39355
gyr,45496860376798200,-0.0586,0.23249,-0.77715
gyr,45496860381588100,-0.33805,-0.22205,-1.28388
gyr,45496860386384800,-0.54796,-0.02486,-0.95212
gyr,45496860391291400,-0.48072,-0.00251,-0.53647
gyr,45496860396086600,-0.12073,-0.42501,-0.63134
gyr,45496860400894200,-0.27862,-0.7319,-0.68547
gyr,45496860405670700,-0.58185,-1.02267,-0.81482
gyr,45496860410566600,-0.33429,-0.215,-0.344
gyr,45496860415362600,0.08065,-0.13404,-0.21952
gyr,45496860420194100,-0.19129,-0.11996,-0.05666
gyr,45496860425006000,0.11563,0.17445,0.11586
gyr,45496860429768500,0.38015,0.01718,-0.33927
gyr,45496860434593000,0.09005,-0.27657,-0.69557
gyr,45496860439398600,0.26047,0.09206,-0.18139
gyr,45496860444192000,0.29654,0.03445,-0.19125
gyr,45496860448980200,0.17417,-0.15591,-0.22692
gyr,45496860453865300,0.05461,-0.25011,-0.21207
gyr,45496860458786200,0.11903,-0.1915,-0.23677
gyr,45496860463515200,0.21959,-0.30066,-0.17754
gyr,45496860468271100,0.24934,0.1126,-0.05312
gyr,45496860473072000,0.42548,0.17508,0.05907
gyr,45496860477881000,0.37209,0.2971,0.08123
gyr,45496860482681600,0.26581,0.10951,-0.02845
gyr,45496860487498200,0.13253,-0.05219,-0.18009
gyr,45496860492299200,0.10326,0.20722,-0.0741
gyr,45496860497171000,0.15275,0.15213,0.05172
gyr,45496860502125600,0.16404,0.06743,0.00735
gyr,45496860511903500,0.1111,0.02788,-0.03457
gyr,45496860520170800,0.15914,0.0055,-0.00126
gyr,45496860528588600,0.15913,-0.05052,0.03576
gyr,45496860536996900,0.16489,0.11709,-0.10861
gyr,45496860545311400,0.07753,-0.01223,-0.20969
gyr,45496860553640600,0.18515,0.03349,0.04436
gyr,45496860562068300,0.15102,0.08034,-0.03706
gyr,45496860570459300,0.15373,-0.09862,-0.111
gyr,45496860578841600,0.11011,0.04951,-0.0062
gyr,45496860587231000,0.14755,0.08252,-0.02842
gyr,45496860595646200,0.09572,-0.08313,0.00248
gyr,45496860604033200,0.08278,-0.05514,-0.03453
gyr,45496860612369600,0.09256,0.01745,0.01725
gyr,45496860620736900,0.15464,0.09157,-0.01733
gyr,45496860629109500,0.09259,0.08529,-0.02348
gyr,45496860637526800,0.24915,0.0684,-0.06914
gyr,45496860645790800,0.15625,0.11878,0.07147
gyr,45496860654235800,0.07516,0.06564,0.02093
gyr,45496860662617800,0.13003,0.03477,0.01353
gyr,45496860670993400,0.07997,0.07911,0.04436
gyr,45496860679426200,0.09961,0.06132,-0.00497
gyr,45496860687727700,0.103,0.07873,-0.04815
gyr,45496860696159200,0.0275,0.14894,0.04064
gyr,45496860704581000,-0.02337,0.08241,-0.05183
gyr,45496860713052800,-0.16433,0.5874,0.33283
gyr,45496860721358800,0.07714,0.72678,0.34137
gyr,45496860729070600,0.24494,0.91199,0.32771
gyr,45496860734163800,0.21348,0.77296,0.16742
gyr,45496860739244600,0.19052,0.48762,0.18727
gyr,45496860744392400,0.44378,0.88906,0.61878
gyr,45496860749495400,0.74174,1.21457,0.869
gyr,45496860754614800,0.61352,1.43497,1.12796
gyr,45496860759706000,0.54021,1.43327,1.23034
gyr,45496860764817200,0.51583,0.88071,0.79269
gyr,45496860769904000,0.29069,0.42503,0.41053
gyr,45496860774996200,0.18195,0.48174,0.38956
gyr,45496860780101500,0.12473,0.43864,0.45002
gyr,45496860785200600,-0.00254,0.28308,0.33416
gyr,45496860790285400,0.15596,0.09901,0.01474
gyr,45496860795409200,0.20514,0.20695,-0.05562
gyr,45496860800511400,0.24392,0.28192,-0.06675
gyr,45496860805599000,-0.09961,0.44114,-0.05812
gyr,45496860810724200,-0.0774,0.51269,-0.11613
gyr,45496860815824400,-0.12348,0.63764,-0.02243
gyr,45496860820924600,-0.16854,0.73013,0.05402
gyr,45496860826031800,-0.16684,0.69587,0.21191
gyr,45496860831137600,-0.22641,0.61695,0.00227
gyr,45496860836242900,-0.49601,0.47694,-0.01737
gyr,45496860841357800,-0.58291,0.68984,0.04547
gyr,45496860846449800,-0.56232,0.69259,0.21815
gyr,45496860851557300,-0.0982,1.12745,0.68662
gyr,45496860856654200,0.23251,0.36989,0.23664
gyr,45496860861766400,-0.07954,-0.06392,-0.24049
gyr,45496860866867100,-0.46676,0.80974,0.03677
gyr,45496860871971200,-0.36625,0.4238,-0.30476
gyr,45496860877058500,-0.24167,0.30459,-0.37628
gyr,45496860882179300,0.23448,0.72386,-0.98954
gyr,45496860887285100,0.89908,0.56225,-0.58501
gyr,45496860892371800,-0.00847,0.08761,-0.4268
gyr,45496860897493100,-0.42926,-0.09238,-0.47847
gyr,45496860902597300,-0.05437,-0.01295,-0.42183
gyr,45496860907674800,0.05767,-0.023,-0.19242
gyr,45496860912817600,-0.19779,-0.29383,-0.0936
gyr,45496860917922600,-0.4512,-0.72166,0.04475
gyr,45496860923029400,-0.62291,-0.51287,-0.03054
gyr,45496860928056200,-0.84776,-0.00096,-0.15158
gyr,45496860933177600,-0.9835,0.13409,-0.24905
gyr,45496860938285600,-0.98254,0.00644,-0.20953
gyr,45496860943388700,-0.98456,-0.04436,-0.0948
gyr,45496860948491000,-1.05008,0.07081,-0.17501
gyr,45496860953592200,-1.14399,0.01868,-0.21321
gyr,45496860958694800,-0.96313,-0.19367,-0.18972
gyr,45496860963821100,-0.80902,-0.44496,-0.09591
gyr,45496860968847500,-0.6767,-0.9482,-0.0057
gyr,45496860973937700,-0.10484,-1.66099,0.13016
gyr,45496860979045300,0.23105,-1.55619,0.07333
gyr,45496860984127400,-0.0284,0.07383,-0.13324
gyr,45496860989246200,-0.54154,0.95178,-0.33207
gyr,45496860994348200,-0.37832,0.85111,-0.40977
gyr,45496860999430500,0.26042,0.77025,-0.67996
gyr,45496861004562000,0.80202,0.84573,-0.77382
gyr,45496861009669800,1.53785,1.01017,-0.34477
gyr,45496861014755800,1.71534,0.46284,-0.04609
gyr,45496861019873700,1.29978,0.67937,0.0501
gyr,45496861024979600,0.95775,0.21717,0.28962
gyr,45496861030089900,0.89229,-0.59664,0.29981
gyr,45496861035197000,1.13932,0.06844,0.15273
gyr,45496861040305600,1.30881,0.60255,0.02053
gyr,45496861045405200,1.13779,0.54088,0.02058
gyr,45496861050451200,0.91441,0.56634,0.02924
gyr,45496861055556000,0.48494,0.40977,0.13174
gyr,45496861060669000,0.31307,0.21259,0.30576
gyr,45496861065776300,0.28201,0.1595,0.18244
gyr,45496861070822900,0.01813,0.3246,0.20709
gyr,45496861075981800,-0.14566,0.07656,0.09744
gyr,45496861081084000,-0.04528,0.01383,0.07894
gyr,45496861086197100,0.07045,-0.00579,0.0666
gyr,45496861091298600,0.1267,0.0612,0.03819
gyr,45496861096398800,0.14139,0.25042,0.06772
gyr,45496861101495600,0.15208,0.23862,0.11583
gyr,45496861106549400,0.18426,0.08671,0.07641
gyr,45496861111713800,0.26784,0.23079,0.10101
gyr,45496861116818100,0.29928,0.24572,0.05166
gyr,45496861121897800,0.14645,0.272,0.14542
gyr,45496861127028100,-0.0342,0.14047,0.127
gyr,45496861132128600,-0.13444,0.12839,0.23309
gyr,45496861137220500,0.0547,0.01802,0.2072
gyr,45496861142338500,0.20722,0.06888,-0.02226
gyr,45496861147440200,0.30104,0.50229,0.01703
gyr,45496861152544000,0.21133,0.2072,0.03072
gyr,45496861157649800,0.11441,0.20217,0.08501
gyr,45496861162753800,0.06924,0.21777,0.18862
gyr,45496861167857400,0.08666,0.15395,0.20098
gyr,45496861172992000,0.19196,0.13742,0.21084
gyr,45496861178066600,0.22818,0.18628,0.16394
gyr,45496861183172400,0.20335,0.12364,0.14423
gyr,45496861188269800,0.33706,0.26598,0.12195
gyr,45496861193384200,0.51832,0.21348,0.13305
gyr,45496861198488400,0.53075,0.41307,0.1712
gyr,45496861203590200,0.45155,0.70041,0.0601
gyr,45496861208675600,0.3952,1.32522,0.15484
gyr,45496861213802700,-0.32971,1.54279,0.13761
gyr,45496861218900100,-0.24401,0.24981,-0.04323
gyr,45496861223987500,0.03094,-0.90711,-0.10327
gyr,45496861229118200,0.19116,-0.92976,-0.40301
gyr,45496861234204100,0.15641,-0.00769,-0.38486
gyr,45496861239323600,0.18369,0.37057,-0.26783
gyr,45496861244405400,0.20261,-0.76602,-0.28713
gyr,45496861249527500,0.2155,-0.81395,-0.25012
gyr,45496861254634700,0.27376,0.09182,-0.07779
gyr,45496861259620800,0.05865,0.36609,-0.22464
gyr,45496861264745200,0.08713,0.30133,-0.07784
gyr,45496861269851700,0.12653,0.23406,-0.12716
gyr,45496861274956000,0.31922,0.49584,-0.11495
gyr,45496861280062500,-0.12607,0.75266,0.12554
gyr,45496861285165200,-0.08395,-0.60489,0.2124
gyr,45496861290264300,-0.76297,-0.80369,-0.02794
gyr,45496861295384400,-1.37009,0.06088,-0.0183
gyr,45496861300475800,-1.32401,1.25501,0.41788
gyr,45496861305579600,-1.30107,0.09027,0.54536
gyr,45496861310684200,0.29324,-2.07,-0.1041
gyr,45496861315787000,1.14747,-1.18607,-0.13418
gyr,45496861320890000,2.47341,2.80762,-0.29133
gyr,45496861325998900,2.44864,2.17859,-1.06693
gyr,45496861331074100,0.48304,-1.15549,-0.10818
gyr,45496861336206600,-0.73533,-1.27168,-0.39163
gyr,45496861341306500,0.42555,1.02463,0.35107
gyr,45496861346402200,0.47901,1.89299,0.51971
gyr,45496861351517200,0.31506,-1.61176,-0.24119
gyr,45496861356622300,0.67622,-1.45642,0.13366
gyr,45496861361729600,0.63131,-0.99831,0.57506
gyr,45496861366834000,0.11731,-2.27451,0.23273
gyr,45496861371937400,-0.68377,-1.61883,-0.41864
gyr,45496861377038900,0.20911,1.1445,-0.60856
gyr,45496861382144300,1.37293,-0.31734,-1.14351
gyr,45496861387251000,0.57408,-1.53946,-0.47932
gyr,45496861392352000,-1.03487,-0.34703,0.12365
gyr,45496861397456800,-0.78805,-0.15072,0.84756
gyr,45496861402561800,-0.384,1.47118,0.95542
gyr,45496861407679400,-0.32073,1.15841,0.6114
gyr,45496861412768600,0.0442,0.06339,0.47608
gyr,45496861417852800,0.21471,0.46584,0.10586
gyr,45496861422980400,-0.14955,-0.39505,-0.24898
gyr,45496861428088300,0.23135,-0.45757,-0.344
gyr,45496861433179800,0.40247,0.22649,-0.46763
gyr,45496861438293700,0.14757,0.84512,-0.27664
gyr,45496861443400600,0.44318,0.1488,-0.47377
gyr,45496861448413600,0.2164,-0.47334,-0.26628
gyr,45496861453512800,0.11066,-1.32672,-0.35228
gyr,45496861458635400,0.09214,-1.48525,-0.1894
gyr,45496861463719000,0.191,0.2495,0.18489
gyr,45496861468797400,0.35341,0.46056,-0.02614
gyr,45496861473917600,0.16036,0.54948,-0.08411
gyr,45496861479019400,0.1633,0.2677,-0.02726
gyr,45496861484114400,0.23896,0.29918,-0.1494
gyr,45496861489246100,0.27805,0.49766,0.12311
gyr,45496861494278500,0.26684,0.56154,-0.09277
gyr,45496861499379600,0.22143,0.62751,-0.08538
gyr,45496861504411600,0.24354,0.80106,-0.23963
gyr,45496861509530900,0.30851,0.90884,-0.16074
gyr,45496861514632400,0.37015,1.02636,-0.04609
gyr,45496861519734900,0.29002,0.81095,-0.03243
gyr,45496861524835400,0.01937,0.25484,-0.0186
gyr,45496861529941400,-0.00789,0.20838,0.22071
gyr,45496861535048500,-0.07226,-0.00098,0.07155
gyr,45496861540146200,-0.01083,0.16906,0.09861
gyr,45496861545254400,0.22314,0.39734,-0.07666
gyr,45496861550362000,0.22165,0.11766,0.04186
gyr,45496861555478000,0.26061,0.15339,0.10227
gyr,45496861560534400,0.25411,0.18013,0.21451
gyr,45496861565638600,0.32926,0.28877,0.20335
gyr,45496861570737000,0.35746,0.23406,0.27244
gyr,45496861575829200,0.43476,0.2806,0.25638
gyr,45496861580963000,0.38138,0.45747,0.24152
gyr,45496861586069200,0.36145,0.36469,0.00597
gyr,45496861591165800,0.29327,0.36013,-0.07049
gyr,45496861596270900,0.2867,0.4076,0.00843
gyr,45496861601388400,0.23646,0.11161,-0.05559
gyr,45496861606471200,0.31821,0.15594,0.16887
gyr,45496861611584400,0.24696,-0.36579,-0.0147
gyr,45496861616697000,0.32136,-0.05787,0.22939
gyr,45496861621799600,0.33588,-0.17438,0.13939
gyr,45496861626793400,0.31628,-0.39324,0.07534
gyr,45496861631917600,0.17156,-0.30572,0.10616
gyr,45496861637018100,0.26217,-0.20104,0.45394
gyr,45496861642119800,0.13885,-0.06806,0.53779
gyr,45496861647225000,0.08815,-0.19184,0.23688
gyr,45496861652328300,0.18235,-0.2083,0.39722
gyr,45496861657437300,0.01897,-0.45756,0.38871
gyr,45496861662513200,0.15605,-0.40752,0.39853
gyr,45496861667643600,0.20801,-0.00393,0.22815
gyr,45496861672713700,0.19492,0.08582,0.10971
gyr,45496861677809400,0.14523,0.31527,0.10223
gyr,45496861682902900,0.11815,0.39055,0.006
gyr,45496861688008700,0.07147,-0.02048,-0.25533
gyr,45496861693111000,0.13321,0.11065,-0.4182
gyr,45496861698159700,0.01879,0.07451,-0.3306
gyr,45496861703235400,0.07321,0.15151,-0.23566
gyr,45496861708339100,-0.06795,-0.09914,-0.24417
gyr,45496861713434300,-0.16225,-0.21215,-0.33786
gyr,45496861718506400,-0.0257,-0.22447,-0.12202
gyr,45496861723609800,0.05964,-0.05408,0.02961
gyr,45496861728713800,0.16771,-0.19855,0.23934
gyr,45496861733800500,0.16211,-0.04487,0.19241
gyr,45496861738928400,0.06162,0.04842,0.15909
gyr,45496861744026600,0.15172,0.445,0.17002
gyr,45496861749121000,0.157,0.3314,0.10962
gyr,45496861754396400,0.12672,0.07302,0.03449
gyr,45496861759674800,0.14426,0.10872,0.0061
gyr,45496861764454600,0.12427,0.11785,-0.02473
gyr,45496861769547700,0.17805,0.10682,-0.02721
gyr,45496861774649800,0.04145,0.11592,0.04189
gyr,45496861779757800,-0.03319,0.19034,0.05174
gyr,45496861784790000,-0.06395,0.22137,-0.05681
gyr,45496861789905600,0.07813,0.29568,0.01591
gyr,45496861795011500,0.22966,0.24044,-0.09264
gyr,45496861800110200,0.26555,0.11947,-0.10247
gyr,45496861805222600,0.17026,0.02919,-0.16409
gyr,45496861810311600,0.09973,-0.08266,-0.16773
gyr,45496861815429400,0.12604,-0.00999,-0.07649
gyr,45496861820540600,0.1908,0.03581,-0.00621
gyr,45496861825647300,0.09684,-0.0136,-0.06045
gyr,45496861830741800,-0.04297,0.00923,0.07401
gyr,45496861835868500,-0.03707,0.09,0.02957
gyr,45496861840914100,0.03099,0.07376,-0.20479
gyr,45496861846013400,0.01087,0.09686,0.01723
gyr,45496861851116600,-0.07608,0.23969,0.11586
gyr,45496861856210000,0.04191,0.31357,-0.27889
gyr,45496861861325800,0.25205,0.21051,-0.32452
gyr,45496861866433200,0.16736,0.16159,-0.10617
gyr,45496861871518800,0.10274,0.11374,-0.13944
gyr,45496861876644200,0.07102,0.11602,-0.17274
gyr,45496861881748400,0.09148,0.07764,-0.29484
gyr,45496861886844700,0.19276,0.19327,-0.21596
gyr,45496861891949200,0.36894,0.15876,-0.31835
gyr,45496861897055900,0.05087,0.15842,0.02707
gyr,45496861902160000,-0.08031,0.20109,-0.03583
gyr,45496861907132800,-0.03683,0.13749,0.05546
gyr,45496861912296700,0.00383,-0.04373,0.11103
gyr,45496861917396800,0.16343,-0.08764,-0.0333
gyr,45496861922496400,-0.32379,0.1744,0.25161
gyr,45496861927605200,-0.16984,0.0864,0.18748
gyr,45496861932708600,0.17494,0.21908,0.28728
gyr,45496861937812200,0.19701,0.16971,0.28236
gyr,45496861942898700,0.29616,0.03454,0.3009
gyr,45496861947974600,0.35433,-0.02963,0.26144
gyr,45496861953066000,0.41636,-0.01484,0.25526
gyr,45496861958067400,0.42649,0.00657,0.13931
gyr,45496861963171100,0.39442,0.00861,0.0172
gyr,45496861968340400,0.26904,-0.01292,-0.01237
gyr,45496861973460100,0.16039,0.05634,-0.01855
gyr,45496861978526000,0.12597,0.03098,-0.12214
gyr,45496861983654000,0.11439,0.02802,-0.0913
gyr,45496861988753000,0.05155,0.02533,-0.00125
gyr,45496861993863400,0.03537,0.09228,0.00243
gyr,45496861998961900,0.09168,0.15056,-0.00501
gyr,45496862004058700,0.12422,0.1253,-0.04201
gyr,45496862009182100,0.12974,0.0616,-0.07899
gyr,45496862014280000,0.14731,0.04937,-0.06542
gyr,45496862019382800,0.13801,0.04914,-0.05185
gyr,45496862024484800,0.12759,0.04021,-0.0173
gyr,45496862029573600,0.12933,0.13219,0.0616
gyr,45496862034685700,0.1001,0.124,0.07271
gyr,45496862039792500,0.05578,0.21788,0.04061
gyr,45496862044895800,0.02408,0.23074,0.00608
gyr,45496862049999800,-0.01705,0.21196,-0.02598
gyr,45496862055109200,-0.03719,0.2101,-0.08765
gyr,45496862060206300,0.10323,0.12149,-0.02103
gyr,45496862065327200,0.31342,0.10654,0.17629
gyr,45496862070442200,0.41919,-0.06566,0.12083
gyr,45496862075455400,0.31536,-0.0235,0.16771
gyr,45496862080545000,0.17191,0.05025,0.23431
gyr,45496862085642700,0.13282,0.04874,0.1159
gyr,45496862090744200,0.04895,0.09504,0.17757
gyr,45496862095852400,0.04808,-0.09541,0.095
gyr,45496862100932600,0.01556,-0.11209,0.16902
gyr,45496862106049800,-0.01152,-0.07616,0.09994
gyr,45496862111165100,-0.02289,-0.04466,0.1616
gyr,45496862116256200,0.0707,-0.00611,0.1295
gyr,45496862121376600,0.30445,0.00513,0.05299
gyr,45496862126483400,0.01252,-0.31313,-0.159
gyr,45496862131581400,-0.20877,-0.1453,-0.01965
gyr,45496862136701000,-0.10316,0.00336,-0.04932
gyr,45496862141797600,0.08435,0.0451,-0.00743
gyr,45496862146909400,-0.00595,-0.00772,-0.0185
gyr,45496862151956000,-0.07455,0.06673,0.03699
gyr,45496862157086400,-0.01949,0.07889,0.04561
gyr,45496862162179800,0.15698,-0.00864,0.05178
gyr,45496862167286000,0.12678,-0.14228,-0.08878
gyr,45496862172389600,0.04412,-0.03297,-0.0629
gyr,45496862177492300,0.15719,-0.05539,-0.15419
gyr,45496862182597700,0.19156,-0.20049,-0.23431
gyr,45496862187699400,0.16686,-0.29372,-0.20097
gyr,45496862192814400,0.09297,-0.37904,-0.18365
gyr,45496862197911500,0.02078,-0.3602,-0.10718
gyr,45496862203012400,-0.02113,-0.29306,-0.10103
gyr,45496862208087300,-0.01594,-0.21147,-0.03075
gyr,45496862213191000,-0.07022,-0.14123,0.09751
gyr,45496862218292000,0.01634,-0.13716,0.08762
gyr,45496862223375800,0.09181,-0.09859,-0.08632
gyr,45496862228472000,0.02093,-0.17616,-0.19975
gyr,45496862233603200,0.04165,-0.23154,-0.24784
gyr,45496862238816200,0.07852,-0.23555,-0.09367
gyr,45496862243810400,-0.03058,-0.35567,-0.0788
gyr,45496862248920100,-0.09863,-0.29649,0.12594
gyr,45496862254020100,-0.02043,-0.19936,0.30227
gyr,45496862259128300,0.09798,-0.30461,0.13948
gyr,45496862264229700,0.12998,-0.28008,-0.06775
gyr,45496862269334200,0.15703,0.00526,-0.23808
gyr,45496862274353600,0.02024,0.06935,0.333
gyr,45496862279471600,0.20877,-0.33224,-0.22686
gyr,45496862284576800,0.16656,0.01975,0.08754
gyr,45496862289679900,0.26216,-0.2823,-0.07888
gyr,45496862294790800,0.26259,-0.13576,-0.074
gyr,45496862299890600,0.08397,-0.21767,-0.20715
gyr,45496862304993300,0.05583,0.02891,-0.10486
gyr,45496862310095100,0.11982,-0.21539,-0.02091
gyr,45496862315204200,0.07528,-0.32666,0.03958
gyr,45496862320305000,0.16335,-0.06923,-0.06784
gyr,45496862325417400,0.13037,-0.06401,-0.12581
gyr,45496862330514800,0.2177,-0.02282,0.03081
gyr,45496862335619000,0.10081,-0.06657,0.09375
gyr,45496862340726800,0.17523,0.23278,0.05539
gyr,45496862345813500,-0.02736,0.17371,0.05791
gyr,45496862350937400,0.00537,-0.10456,-0.0456
gyr,45496862356038800,0.06838,-0.17098,-0.04188
gyr,45496862361127100,0.02897,-0.15967,0.04199
gyr,45496862366249900,-0.02974,-0.18649,0.00994
gyr,45496862371352800,-0.08593,-0.22875,0.03464
gyr,45496862376456800,-0.02607,-0.19594,-0.23674
gyr,45496862381561200,-0.02161,-0.34624,-0.18365
gyr,45496862386668200,0.02567,-0.06783,0.02962
gyr,45496862391774400,0.10862,-0.04037,0.27259
gyr,45496862397025000,0.15351,-0.1163,0.14063
gyr,45496862401983600,0.09385,-0.1158,0.14434
gyr,45496862407024400,0.08086,-0.15313,0.14066
gyr,45496862412180800,0.03496,-0.0007,-0.03454
gyr,45496862417258600,-0.03787,0.02441,-0.12335
gyr,45496862422362400,-0.06869,-0.09698,-0.13686
gyr,45496862427458000,-0.04211,-0.14893,-0.18372
gyr,45496862432548800,0.05303,-0.10551,-0.12455
gyr,45496862437656800,0.09738,-0.13033,-0.13565
gyr,45496862442782000,0.04399,0.02865,-0.13816
gyr,45496862447867600,0.02117,0.16142,-0.08764
gyr,45496862452987200,0.10172,0.34085,0.03069
gyr,45496862458098800,0.06699,0.17057,-0.04695
gyr,45496862463194900,0.03383,-0.03313,-0.00246
gyr,45496862468300800,-0.00724,-0.06903,-0.00491
gyr,45496862473400000,-0.05611,-0.0535,0.05307
gyr,45496862478508600,-0.04961,0.08454,0.11715
gyr,45496862483518000,0.01575,0.05743,0.09495
gyr,45496862488642200,0.12813,0.11689,0.06407
gyr,45496862493746200,0.15615,0.14321,0.03076
gyr,45496862498851200,0.1421,0.11361,0.04804
gyr,45496862503955600,0.1201,0.10641,0.11342
gyr,45496862509067800,0.10941,0.08367,0.08752
gyr,45496862514164100,0.14079,0.05361,0.05546
gyr,45496862519260600,0.20004,-0.01723,-0.00003
gyr,45496862524372800,0.19413,-0.03831,0.00122
gyr,45496862529476400,0.17311,-0.03951,0.01109
gyr,45496862534585400,0.12632,-0.00934,-0.00495
gyr,45496862539683600,0.09241,-0.00074,-0.00742
gyr,45496862544790200,0.05609,0.01182,-0.02715
gyr,45496862549892200,0.06892,-0.00118,-0.02838
gyr,45496862554978000,0.08426,0.02175,-0.01236
gyr,45496862560109900,0.10188,0.01519,0.00984
gyr,45496862565189800,0.11014,0.02904,0.01601
gyr,45496862570333300,0.12305,0.0561,0.00736
gyr,45496862575421400,0.10428,0.05895,-0.00621
gyr,45496862580522100,0.06088,0.06363,-0.03704
gyr,45496862585623400,0.06315,0.03894,-0.0358
gyr,45496862590728200,0.08539,0.022,-0.02346
gyr,45496862595833000,0.53768,0.06835,-0.48486
gyr,45496862600936600,0.0983,0.00971,-0.00495
gyr,45496862606033800,0.06014,-0.00941,0.12457
gyr,45496862611145100,0.11125,0.00072,0.02218
gyr,45496862616249200,0.06414,0.00663,-0.05922
gyr,45496862621350500,0.02088,0.02598,-0.06539
gyr,45496862626458200,0.40805,-0.10345,0.58216
gyr,45496862631564800,0.35193,0.08157,-0.42069
gyr,45496862636666600,0.0588,0.04058,0.04561
gyr,45496862641750600,-0.0113,0.0132,0.09127
gyr,45496862646888400,0.1041,0.01707,-0.02099
gyr,45496862651982400,0.07827,0.0358,-0.058
gyr,45496862657085100,0.03632,0.07813,-0.04444
gyr,45496862662188500,0.04234,0.07106,0.00367
gyr,45496862667291000,0.09499,0.06218,0.00983
gyr,45496862672400800,0.10898,0.06116,-0.00251
gyr,45496862677513700,0.11369,0.07646,-0.00622
gyr,45496862682604000,0.08083,0.06786,-0.02594
gyr,45496862687708000,0.08307,0.03502,-0.02716
gyr,45496862692695200,0.09011,0.04917,-0.03334
gyr,45496862697821800,0.11011,0.05426,-0.00867
gyr,45496862702922300,0.10076,0.07221,-0.01978
gyr,45496862708032200,0.09257,0.05197,-0.00374
gyr,45496862713133400,0.10771,0.03554,-0.0099
gyr,45496862718240300,0.11478,0.03758,-0.00003
gyr,45496862723341200,0.1288,0.0268,0.00367
gyr,45496862728430300,0.14968,-0.02717,-0.00495
gyr,45496862733551800,0.138,0.00265,-0.02099
gyr,45496862738652700,0.10537,0.02008,-0.00003
gyr,45496862743755800,0.0937,0.02835,0.00244
gyr,45496862748864900,0.09962,0.06008,-0.00251
gyr,45496862753966300,0.10422,0.04857,-0.0136
gyr,45496862759082900,0.10065,0.02394,-0.01236
gyr,45496862764153000,0.09718,0.02251,-0.00002
gyr,45496862769276400,0.09948,0.01198,-0.00249
gyr,45496862774387000,0.12414,0.02198,0.01107
gyr,45496862779480300,0.12526,0.01748,0.00244
gyr,45496862784592600,0.09958,0.01615,0.01971
gyr,45496862789698000,0.11591,0.02106,0.00367
gyr,45496862794799800,0.11811,0.00162,-0.01852
gyr,45496862799907200,0.41001,0.00729,-0.18139
gyr,45496862805011000,0.02376,0.02145,0.07523
gyr,45496862810108100,-0.02095,0.00429,0.0259
gyr,45496862815203200,0.04684,-0.0019,0.01109
gyr,45496862820321400,0.07691,-0.00963,-0.07155
gyr,45496862825429000,0.37311,-0.01357,-0.02842
gyr,45496862830544600,0.01901,0.09118,0.00613
gyr,45496862835638000,0.03421,0.029,0.04932
gyr,45496862840739800,0.11707,0.02234,-0.00126
gyr,45496862845842600,0.13105,0.02015,-0.0136
gyr,45496862850929700,0.08306,0.0303,-0.02593
gyr,45496862856039000,0.06442,0.03952,-0.01113
gyr,45496862861155300,0.0973,0.05638,0.00613
gyr,45496862866273400,0.11252,0.05741,0.00613
gyr,45496862871366600,0.12417,0.05996,-0.00744
gyr,45496862876478800,0.10431,0.06831,-0.00498
gyr,45496862881579800,0.07381,0.05834,-0.0173
gyr,45496862886672300,0.07269,0.05566,-0.0025
gyr,45496862891698900,0.08562,0.04447,0.01847
gyr,45496862896795000,0.09022,0.027,0.01108
gyr,45496862901890000,0.0937,0.01043,0.01602
gyr,45496862906953200,0.09485,0.03083,-0.00373
gyr,45496862912111300,0.09722,0.03658,-0.00003
gyr,45496862917213100,0.10066,0.02625,-0.01113
gyr,45496862922315800,0.09014,0.01914,-0.00372
gyr,45496862927419600,0.10072,0.02112,0.00738
gyr,45496862932524500,0.12063,0.02679,0.00737
gyr,45496862937606100,0.12295,0.03046,-0.00003
gyr,45496862942731600,0.10426,0.03877,0.00367
gyr,45496862947837100,0.09611,0.04103,0.01107
gyr,45496862952953300,0.10537,0.03559,-0.01113
gyr,45496862958042600,0.11243,0.03764,-0.00127
gyr,45496862963156300,0.1018,0.02879,-0.01976
gyr,45496862968260000,0.10886,0.02251,-0.00496
gyr,45496862973352400,0.29149,-0.03117,0.05547
gyr,45496862978466400,0.096,0.03571,-0.01236
gyr,45496862983573200,0.03751,-0.00078,0.01726
gyr,45496862988672200,0.06782,0.0008,-0.01235
gyr,45496862993780400,0.11348,0.0109,-0.01236
gyr,45496862998880000,0.07595,0.02731,-0.04566
gyr,45496863003986200,0.30641,-0.01165,-0.03212
gyr,45496863009089700,0.05757,0.08748,-0.00251
gyr,45496863014192800,0.04243,0.0347,0.05302
gyr,45496863019297000,0.10906,0.05952,0.01723
gyr,45496863024399000,0.12987,0.04649,-0.03581
gyr,45496863029511400,0.09947,0.04668,-0.03087
gyr,45496863034617100,0.08201,0.04984,-0.00867
gyr,45496863039715000,0.1055,0.03835,0.02094
gyr,45496863044791800,0.13352,0.04321,0.00243
gyr,45496863049899100,0.13229,0.03762,-0.00867
gyr,45496863055002000,0.12524,0.03431,-0.01484
gyr,45496863060084200,0.10189,0.02827,0.00244
gyr,45496863065192000,0.08795,0.03495,0.02341
gyr,45496863070335600,0.12074,0.05832,0.01353
gyr,45496863075414600,0.13584,0.04571,-0.00497
gyr,45496863080523000,0.12641,0.04149,-0.02101
gyr,45496863085627600,0.0924,0.01601,-0.02099
gyr,45496863090735100,0.08305,0.01842,-0.01976
gyr,45496863095840200,0.10308,0.03292,0.00367
gyr,45496863100943200,0.11944,0.04481,-0.0099
gyr,45496863106047300,0.12528,0.03883,-0.00744
gyr,45496863111058900,0.11716,0.05402,-0.00127
gyr,45496863116169100,0.09259,0.03992,0.00984
gyr,45496863121277400,0.0774,0.04473,0.01107
gyr,45496863126378200,0.07608,0.02418,-0.01236
gyr,45496863131484500,0.12182,0.00393,0.03081
gyr,45496863136586600,0.16846,-0.00149,-0.00743
gyr,45496863141698600,0.14747,0.00787,0.00244
gyr,45496863146880200,0.08195,0.00491,0.00615
gyr,45496863151897900,0.07262,0.01075,0.01108
gyr,45496863157007400,0.09721,0.01638,0.01108
gyr,45496863162106200,0.27614,0.00678,-0.00498
gyr,45496863167210800,0.15576,0.0585,-0.00868
gyr,45496863172307000,0.03413,0.02114,0.03452
gyr,45496863177415200,0.0657,0.00904,0.03699
gyr,45496863182499200,0.12395,0.00282,-0.02222
gyr,45496863187621300,0.09923,-0.00201,-0.05552
gyr,45496863192725300,0.26993,0.03293,-0.116
gyr,45496863197818800,0.07516,0.0095,0.06289
gyr,45496863202933000,0.00619,0.02054,0.07153
gyr,45496863208044400,0.11006,0.03546,-0.00743
gyr,45496863213139800,0.10169,0.02947,-0.04813
gyr,45496863218247600,0.09124,0.03385,-0.03086
gyr,45496863223351200,0.10075,0.04599,-0.0025
gyr,45496863228457000,0.11829,0.02796,0.0086
gyr,45496863233562000,0.11244,0.04834,-0.00744
gyr,45496863238662600,0.12301,0.04563,0.00366
gyr,45496863243767000,0.09834,0.02613,-0.00496
gyr,45496863248870800,0.08436,0.03788,-0.00003
gyr,45496863253974600,0.10306,0.03658,-0.0025
gyr,45496863259079200,0.12178,0.03045,0.0012
gyr,45496863264189700,0.11949,0.03378,0.00983
gyr,45496863269268600,0.11948,0.0422,0.0012
gyr,45496863274375400,0.11474,0.03063,-0.00373
gyr,45496863279501300,0.10076,0.03283,0.0086
gyr,45496863284589600,0.1148,0.02911,0.01107
gyr,45496863289709200,0.09717,0.0345,-0.01113
gyr,45496863294815800,0.10893,0.02925,0.00737
gyr,45496863299912800,0.12995,0.02336,-0.00003
gyr,45496863305018000,0.13229,0.01615,0.00614
gyr,45496863310108900,0.12292,0.01633,0.00244
gyr,45496863315229300,0.12636,0.02266,-0.01853
gyr,45496863320230800,0.15908,0.00828,-0.01976
gyr,45496863325346000,0.13333,0.00857,-0.02099
gyr,45496863330453600,0.08075,0.00744,-0.00125
gyr,45496863335556600,0.08545,0.00966,0.00245
gyr,45496863340660200,0.10649,0.02033,-0.01113
gyr,45496863345762600,0.09938,0.00306,-0.02222
gyr,45496863350866900,0.08182,-0.00031,-0.02098
gyr,45496863355973600,0.2349,0.0221,-0.09009
gyr,45496863361079000,0.03879,0.02957,0.02342
gyr,45496863366183100,-0.00554,0.02801,0.05796
gyr,45496863371304400,0.11224,0.00775,-0.02716
gyr,45496863376341000,0.13217,0.00972,-0.01976
gyr,45496863381445600,0.32174,-0.01611,0.00119
gyr,45496863386551400,0.07755,0.06051,0.0382
gyr,45496863391638100,0.0621,0.01438,0.01108
gyr,45496863396766600,0.06908,0.03006,-0.00989
gyr,45496863401860700,0.12865,0.03128,-0.03704
gyr,45496863406904600,0.09938,0.0365,-0.0469
gyr,45496863412068600,0.05737,0.03504,-0.01729
gyr,45496863417175600,0.08318,0.02238,0.01108
gyr,45496863422274800,0.12649,0.0338,0.00613
gyr,45496863427365400,0.14053,0.04798,-0.00374
gyr,45496863432466400,0.10305,0.0438,-0.0099
gyr,45496863437589600,0.0832,0.04376,-0.00003
gyr,45496863442618400,0.08433,0.0392,-0.0062
gyr,45496863447737200,0.10766,0.0275,-0.0173
gyr,45496863452838400,0.09591,0.01835,-0.02222
gyr,45496863457943200,0.10187,0.02835,-0.00126
gyr,45496863463049600,0.10421,0.02238,0.00244
gyr,45496863468154200,0.11124,0.0199,0.00491
gyr,45496863473256200,0.11477,0.03046,0.00367
gyr,45496863478377400,0.11007,0.02707,-0.00003
gyr,45496863483461400,0.11481,0.04333,0.0049
gyr,45496863488570600,0.10772,0.0319,-0.00496
gyr,45496863493694400,0.10535,0.02257,-0.00619
gyr,45496863498766600,0.10066,0.01194,-0.00125
gyr,45496863503883400,0.1136,0.01733,0.01354
gyr,45496863508986600,0.12062,0.02207,0.00861
gyr,45496863514061600,0.12065,0.03263,0.0086
gyr,45496863519188400,0.10661,0.03154,0.01107
gyr,45496863524288800,0.10422,0.02112,0.00614
gyr,45496863529382000,0.10188,0.0319,-0.0025
gyr,45496863534496000,0.29142,-0.01287,0.02586
gyr,45496863539602700,0.09962,0.06126,-0.00251
gyr,45496863544706200,0.03143,-0.0041,-0.03824
gyr,45496863549815400,0.04918,0.01359,-0.00001
gyr,45496863554914400,0.13808,0.01644,-0.00866
gyr,45496863560020100,0.09704,0.02573,-0.03703
gyr,45496863565112800,0.2316,0.04587,-0.05186
gyr,45496863570260400,0.07042,0.05049,0.01847
gyr,45496863575336800,0.01432,0.03752,0.04439
gyr,45496863580438500,0.10659,0.03048,0.00614
gyr,45496863585539000,0.12518,0.03466,-0.02964
gyr,45496863590641800,0.09357,0.03151,-0.0321
gyr,45496863595744200,0.08319,0.04977,-0.0062
gyr,45496863600827400,0.11719,0.03833,0.01723
gyr,45496863605955200,0.12537,0.03593,0.016
gyr,45496863611061400,0.11352,0.04053,-0.0247
gyr,45496863616158400,0.09483,0.03576,-0.0136
gyr,45496863621271900,0.09129,0.02523,-0.01359
gyr,45496863626379200,0.10775,0.03648,-0.00003
gyr,45496863631477700,0.12293,0.02697,-0.00126
gyr,45496863636580600,0.11823,0.0379,-0.01484
gyr,45496863641685600,0.11361,0.0388,-0.00127
gyr,45496863646795000,0.11125,0.03771,-0.00373
gyr,45496863651802400,0.09718,0.02846,-0.00373
gyr,45496863656921700,0.1019,0.02583,0.00614
gyr,45496863662017000,0.10892,0.03169,0.00367
gyr,45496863667120300,0.12533,0.03736,0.0049
gyr,45496863672230000,0.12301,0.05038,0.00119
gyr,45496863677330000,0.11127,0.04234,-0.00127
gyr,45496863682436100,0.10895,0.04585,-0.00004
gyr,45496863687545500,0.10881,0.02758,-0.021
gyr,45496863692647600,0.11242,0.0174,0.01108
gyr,45496863697747200,0.11935,0.0227,-0.0173
gyr,45496863702870400,0.11001,0.01191,-0.00372
gyr,45496863707960400,0.09598,0.00961,-0.00002
gyr,45496863713060000,0.11346,0.0146,-0.01976
gyr,45496863718170000,0.25622,0.02627,-0.02719
gyr,45496863723250000,0.05869,0.01142,0.03822
gyr,45496863728377600,-0.0092,0.01939,0.02713
gyr,45496863733470700,0.0703,0.01427,0.01232
gyr,45496863738562500,0.12281,0.01577,-0.02346
gyr,45496863743687200,0.10868,0.01766,-0.04813
gyr,45496863748788800,0.24894,0.0315,-0.09626
gyr,45496863753895400,0.12064,0.04339,-0.00004
gyr,45496863758981000,0.01664,0.03524,0.04069
gyr,45496863764102200,0.12289,0.04753,-0.02717
gyr,45496863769210700,0.06413,0.01505,-0.06786
gyr,45496863774308600,0.0515,0.04357,-0.02839
gyr,45496863779417000,0.09481,0.03227,-0.01483
gyr,45496863784517400,0.12174,0.02713,-0.00743
gyr,45496863789621200,0.12285,0.01196,-0.01113
gyr,45496863794711200,0.08892,0.03021,-0.0247
gyr,45496863799722800,0.09017,0.03803,-0.00866
gyr,45496863804824500,0.09239,0.02563,-0.03086
gyr,45496863809924000,0.0854,0.02549,-0.02223
gyr,45496863815039000,0.08423,0.01838,-0.01852
gyr,45496863820130800,0.11238,0.03198,-0.0099
gyr,45496863825254200,0.13468,0.04091,-0.00004
gyr,45496863830293600,0.11472,0.02958,-0.00866
gyr,45496863835402200,0.10192,0.03287,0.00614
gyr,45496863840503200,0.11711,0.04117,-0.00374
gyr,45496863845589800,0.12184,0.04441,0.00613
gyr,45496863850710200,0.11125,0.0353,-0.00127
gyr,45496863855814000,0.11243,0.02808,0.00614
gyr,45496863860910600,0.12641,0.01876,-0.0025
gyr,45496863866022800,0.1148,0.03025,0.0123
gyr,45496863871129900,0.11714,0.03026,0.01107
gyr,45496863876238400,0.11599,0.05758,-0.00251
gyr,45496863881337000,0.11361,0.0495,-0.00744
gyr,45496863886442600,0.10063,0.03596,-0.0247
gyr,45496863891551000,0.09832,0.01912,-0.00619
gyr,45496863896583000,0.09713,0.0133,-0.00742
gyr,45496863901696000,0.09127,0.01101,-0.00742
gyr,45496863906806200,0.30859,0.01674,-0.09257
gyr,45496863911904400,0.04478,0.02151,0.06412
gyr,45496863917003200,-0.02306,0.03757,0.05796
gyr,45496863922114300,0.07501,0.02713,0.01231
gyr,45496863927211400,0.07465,0.00905,-0.06662
gyr,45496863932292600,0.26159,-0.01614,0.17635
gyr,45496863937422400,0.07722,0.05056,-0.03704
gyr,45496863942529400,0.03653,0.01956,0.05056
gyr,45496863947651400,0.07269,0.02225,0.02095
gyr,45496863952681700,0.12399,0.03602,-0.03704
gyr,45496863957783600,0.08654,0.03284,-0.0358
gyr,45496863962871400,0.0726,0.04428,-0.0173
gyr,45496863968009600,0.11011,0.02918,0.00984
gyr,45496863973110500,0.12764,0.0232,0.00737
gyr,45496863978212600,0.12763,0.02684,0.00244
gyr,45496863983298000,0.1089,0.02585,0.00244
gyr,45496863988423000,0.10774,0.0258,0.00491
gyr,45496863993466400,0.10896,0.03864,0.00737
gyr,45496863998631400,0.11824,0.03544,-0.0099
gyr,45496864003736400,0.1183,0.04227,-0.00127
gyr,45496864008844900,0.11941,0.03065,-0.0062
gyr,45496864013945500,0.10663,0.03978,0.00983
gyr,45496864018966600,0.10304,0.02837,-0.00249
gyr,45496864024082700,0.12298,0.03029,0.00737
gyr,45496864029186300,0.11008,0.02936,0.00244
gyr,45496864034219000,0.11937,0.0178,-0.00866
gyr,45496864039329800,0.10894,0.04234,-0.00003
gyr,45496864044435600,0.11006,0.03904,-0.0099
gyr,45496864049542800,0.10303,0.02723,-0.00373
gyr,45496864054612400,0.09015,0.02263,-0.00249
gyr,45496864059707000,0.10541,0.02935,0.00491
gyr,45496864064803400,0.11354,0.02246,-0.00496
gyr,45496864069916400,0.11238,0.02599,-0.00496
gyr,45496864075010200,0.09361,0.0277,-0.01976
gyr,45496864080124800,0.31089,0.00977,-0.09626
gyr,45496864085229700,0.06237,0.04016,0.06165
gyr,45496864090320800,-0.0501,0.01112,0.04687
gyr,45496864095431200,0.03861,0.02112,-0.01605
gyr,45496864100536500,0.10286,0.0223,-0.0432
gyr,45496864105639800,0.10287,0.02107,-0.04073
gyr,45496864110889400,0.20912,0.03928,-0.11106
gyr,45496864115810200,0.08311,0.04314,-0.02347
gyr,45496864120963200,0.033,0.05549,0.02094
gyr,45496864126014100,0.16277,0.0382,0.00366
gyr,45496864131137900,0.10979,0.01683,-0.06293
gyr,45496864136247200,0.04914,0.027,-0.02099
gyr,45496864141328600,0.07384,0.02476,0.01355
gyr,45496864146446900,0.12652,0.02527,0.0197
gyr,45496864151571000,0.15923,0.03483,-0.00127
gyr,45496864156654800,0.10765,0.02753,-0.01853
gyr,45496864161772200,0.06796,0.03693,-0.00249
gyr,45496864166865000,0.0855,0.03324,-0.00249
gyr,45496864171969600,0.11006,0.03786,-0.0099
gyr,45496864176956800,0.1135,0.01554,-0.00989
gyr,45496864182076200,0.10425,0.02933,0.00614
gyr,45496864187180100,0.10303,0.02723,-0.00373
gyr,45496864192284600,0.11471,0.02128,-0.00496
gyr,45496864197378000,0.09951,0.01779,-0.00002
gyr,45496864202461200,0.09479,0.01332,-0.00742
gyr,45496864207507600,0.11828,0.03042,0.00367
gyr,45496864212547800,0.11476,0.0353,-0.0025
gyr,45496864217700400,0.11354,0.02132,-0.00619
gyr,45496864222793900,0.10065,0.01675,-0.00619
gyr,45496864227884600,0.10892,0.02095,0.01107
gyr,45496864232995000,0.12182,0.03496,0.0086
gyr,45496864238100800,0.12065,0.03858,0.0049
gyr,45496864243203600,0.11011,0.03517,0.0049
gyr,45496864248314200,0.10425,0.03528,0.00244
gyr,45496864253413000,0.10418,0.02613,-0.00743
gyr,45496864258516600,0.10302,0.02491,-0.00496
gyr,45496864263631400,0.30251,-0.00092,-0.13696
gyr,45496864268676800,0.0354,0.03362,0.05179
gyr,45496864273788800,-0.05718,0.00083,0.03825
gyr,45496864278803200,0.06207,0.01455,0.00368
gyr,45496864283923800,0.138,0.02412,-0.0358
gyr,45496864289018400,0.07709,0.04299,-0.06417
gyr,45496864294118400,0.32712,0.04277,-0.15918
gyr,45496864299208400,0.03438,0.05422,0.07398
gyr,45496864304327700,-0.0324,0.02438,0.074
gyr,45496864309430000,0.09361,0.02292,-0.01606
gyr,45496864314530800,0.10046,0.01434,-0.05306
gyr,45496864319545200,0.0854,0.03743,-0.03086
gyr,45496864324669200,0.08559,0.0494,0.0086
gyr,45496864329807000,0.12535,0.04197,0.0086
gyr,45496864334891000,0.14526,0.04887,0.00612
gyr,45496864340000700,0.11708,0.03419,-0.0062
gyr,45496864345112000,0.07837,0.01606,-0.01729
gyr,45496864350213300,0.09021,0.0378,0.0012
gyr,45496864355320200,0.10652,0.03447,-0.0136
gyr,45496864360422600,0.11824,0.02708,-0.00373
gyr,45496864365527400,0.11471,0.0201,-0.00496
gyr,45496864370557400,0.11707,0.02351,-0.00126
gyr,45496864375672400,0.11953,0.04543,0.01353
gyr,45496864380780800,0.10778,0.05062,-0.0025
gyr,45496864385883800,0.10656,0.04139,-0.00867
gyr,45496864390987800,0.0984,0.04608,-0.00497
gyr,45496864396109900,0.0996,0.04706,0.00243
gyr,45496864401195600,0.12768,0.04203,0.0049
gyr,45496864406283400,0.13826,0.04046,0.01723
gyr,45496864411405000,0.12417,0.03016,0.0123
gyr,45496864416507200,0.10541,0.02697,0.00614
gyr,45496864421605300,0.10773,0.04496,-0.01114
gyr,45496864426664800,0.11124,0.05093,-0.01731
gyr,45496864431776200,0.10308,0.0699,-0.02225
gyr,45496864436874400,0.12652,0.05988,-0.00498
gyr,45496864441953800,0.12417,0.03852,0.00613
gyr,45496864447086400,0.11714,0.03146,0.00984
gyr,45496864452187600,0.12528,0.02097,0.00367
gyr,45496864457277800,0.13464,0.00536,0.01478
gyr,45496864462392600,0.1206,0.04964,-0.01607
gyr,45496864467498400,0.09361,0.0265,-0.01853
gyr,45496864472607800,0.07857,0.03876,0.01477
gyr,45496864477705000,0.09031,0.03601,0.02711
gyr,45496864482811300,0.11839,0.02262,0.03574
gyr,45496864487927000,0.12665,0.01612,0.05918
gyr,45496864492945800,0.10085,0.02508,0.03821
gyr,45496864498067000,0.10081,0.01939,0.03081
gyr,45496864503174200,0.10782,0.05396,0.0049
gyr,45496864508204600,0.11594,0.06148,-0.01854
gyr,45496864513297400,0.09838,0.05338,-0.01607
gyr,45496864518400200,0.10183,0.03102,-0.01483
gyr,45496864523505000,0.10082,0.05034,0.0123
gyr,45496864528552600,0.10308,0.03887,-0.00003
gyr,45496864533668800,0.09944,0.02893,-0.0247
gyr,45496864538773400,0.1042,0.02722,-0.00373
gyr,45496864543874600,0.09131,0.02626,-0.00743
gyr,45496864548983000,0.09951,0.03806,-0.0136
gyr,45496864554055200,0.10304,0.04268,-0.01237
gyr,45496864559171800,0.10184,0.03929,-0.0173
gyr,45496864564253900,0.07975,0.04582,0.01354
gyr,45496864569425300,0.08674,0.02566,0.01971
gyr,45496864574528900,0.1417,0.01934,0.016
gyr,45496864579636000,0.13352,0.02414,0.01477
gyr,45496864584683400,0.10888,0.04148,-0.0136
gyr,45496864589788200,0.09484,0.04285,-0.01607
gyr,45496864594890400,0.08905,0.05327,-0.00744
gyr,45496864599974000,0.10309,0.04359,-0.00127
gyr,45496864605103300,0.12056,0.0284,-0.01113
gyr,45496864610205500,0.11949,0.03378,0.00983
gyr,45496864615302400,0.12175,0.02587,-0.00373
gyr,45496864620409400,0.12055,0.0189,-0.00619
gyr,45496864625495300,0.10295,0.01462,-0.01606
gyr,45496864630576800,0.08189,0.01717,-0.01605
gyr,45496864635684800,0.0866,0.0217,-0.01112
gyr,45496864640786300,0.09021,0.02349,0.01108
gyr,45496864645889900,0.11474,0.03902,-0.01113
gyr,45496864650960800,0.12752,0.02866,-0.0247
gyr,45496864656066000,0.09947,0.0455,-0.03087
gyr,45496864661168600,0.08544,0.04913,-0.02964
gyr,45496864666266500,0.10187,0.0451,-0.01484
gyr,45496864671375200,0.11004,0.04396,-0.01977
gyr,45496864676485400,0.11473,0.02474,-0.0025
gyr,45496864681582400,0.12765,0.03505,0.00243
gyr,45496864686702600,0.13233,0.02905,0.00613
gyr,45496864691791400,0.1171,0.02574,0.00367
gyr,45496864696904200,0.1124,0.02825,-0.00126
gyr,45496864701990000,0.09963,0.03618,0.016
gyr,45496864707051700,0.10774,0.03416,-0.00126
gyr,45496864712211600,0.1218,0.04702,-0.00497
gyr,45496864717219400,0.12763,0.0352,-0.00374
gyr,45496864722304000,0.13223,0.02967,-0.01977
gyr,45496864727432100,0.06667,0.04721,-0.0395
gyr,45496864732535700,0.04919,0.03744,-0.01606
gyr,45496864737611200,0.10184,0.02023,-0.00496
gyr,45496864742653900,0.13346,0.0257,-0.00127
gyr,45496864747764700,0.11831,0.02429,0.01477
gyr,45496864752866400,0.10195,0.05293,0.0012
gyr,45496864757957700,0.1148,0.04102,0.00367
gyr,45496864763079000,0.11588,0.02722,-0.00866
gyr,45496864768181500,0.10183,0.02982,-0.0136
gyr,45496864773271600,0.09958,0.03765,0.00367
gyr,45496864778394200,0.11122,0.03668,-0.0099
gyr,45496864783498600,0.12418,0.03485,0.0123
gyr,45496864788595600,0.11947,0.02792,0.00984
gyr,45496864793704700,0.12062,0.028,0.00614
gyr,45496864798810400,0.09008,0.03026,-0.02716
gyr,45496864803913000,0.0785,0.02603,0.00738
gyr,45496864808943400,0.09245,0.02408,-0.01483
gyr,45496864814054200,0.11357,0.02589,-0.00126
gyr,45496864819157800,0.12526,0.02223,-0.00003
gyr,45496864824252800,0.1194,0.0307,-0.00867
gyr,45496864829369900,0.11361,0.03161,0.0049
gyr,45496864834471100,0.10422,0.03429,-0.00496
gyr,45496864839576900,0.09594,0.01463,-0.01359
gyr,45496864844691900,0.10067,0.02974,-0.0099
gyr,45496864849787200,0.11006,0.03071,-0.00496
gyr,45496864854896000,0.12528,0.04006,-0.0099
gyr,45496864859996900,0.11012,0.04467,-0.00004
gyr,45496864865054600,0.11827,0.02573,0.00367
gyr,45496864870163500,0.12178,0.02924,0.00244
gyr,45496864875261800,0.10885,0.02497,-0.0099
gyr,45496864880344700,0.0902,0.03073,0.00244
gyr,45496864885465400,0.10654,0.03438,-0.0099
gyr,45496864890570000,0.13344,0.02464,-0.0062
gyr,45496864895673600,0.11587,0.01892,-0.00496
gyr,45496864900777400,0.11235,0.02145,-0.01113
gyr,45496864905882000,0.1218,0.03989,-0.00127
gyr,45496864910976400,0.11123,0.03425,-0.0062
gyr,45496864916090800,0.09828,0.02771,-0.02223
gyr,45496864921192800,0.09364,0.01679,-0.00496
gyr,45496864926298000,0.10419,0.02607,-0.00496
gyr,45496864931326400,0.11237,0.01889,-0.00249
gyr,45496864936443800,0.11233,0.01555,-0.00989
gyr,45496864941548200,0.10654,0.02007,-0.00003
gyr,45496864946642600,0.10896,0.03145,0.01354
gyr,45496864951762900,0.12412,0.03163,-0.00003
gyr,45496864956862800,0.11827,0.02573,0.00367
gyr,45496864961961500,0.09246,0.02757,-0.01359
gyr,45496864967078000,0.10416,0.01909,-0.00743
gyr,45496864972184300,0.11591,0.02226,0.00244
gyr,45496864977286400,0.10891,0.02342,0.00614
gyr,45496864982371800,0.12062,0.02682,0.00614
gyr,45496864987488200,0.11601,0.04555,0.00983
gyr,45496864992591600,0.10541,0.04249,-0.00497
gyr,45496864997683000,0.09247,0.02633,-0.01113
gyr,45496865002792200,0.08544,0.02168,-0.00989
gyr,45496865007908700,0.10066,0.0203,-0.00743
gyr,45496865013006600,0.11124,0.03542,-0.0062
gyr,45496865018096500,0.11481,0.04099,0.0049
gyr,45496865023218600,0.11013,0.03983,0.00613
gyr,45496865028324000,0.1101,0.03643,0.0012
gyr,45496865033419000,0.11246,0.04107,0.00243
gyr,45496865038530000,0.10881,0.03597,-0.0284
gyr,45496865043626800,0.10299,0.02866,-0.01483
gyr,45496865048732000,0.11471,0.03081,-0.01113
gyr,45496865053849500,0.11943,0.03056,-0.0025
gyr,45496865058946600,0.1206,0.02456,0.00244
gyr,45496865064053400,0.10307,0.0401,-0.0025
gyr,45496865069144700,0.1042,0.02962,-0.0062
gyr,45496865074261000,0.10418,0.02736,-0.0099
gyr,45496865079360000,0.09831,0.01801,-0.00866
gyr,45496865084466300,0.10774,0.02346,0.00491
gyr,45496865089553700,0.11361,0.03044,0.0049
gyr,45496865094691400,0.12877,0.02821,-0.0062
gyr,45496865099783400,0.11479,0.0387,0.00243
gyr,45496865104873600,0.11473,0.02116,-0.00003
gyr,45496865109995900,0.11596,0.03872,0.0012
gyr,45496865115098500,0.10176,0.02545,-0.02716
gyr,45496865120222900,0.09135,0.03919,-0.00866
gyr,45496865125308000,0.11587,0.03443,-0.01607
gyr,45496865130413900,0.12412,0.02564,0.0049
gyr,45496865135513200,0.10896,0.02908,0.01477
gyr,45496865140501300,0.12051,0.02512,-0.021
gyr,45496865145624800,0.10191,0.03768,0.0012
gyr,45496865150729100,0.09481,0.02989,-0.01359
gyr,45496865155819600,0.10184,0.02856,-0.0099
gyr,45496865160939500,0.11586,0.02021,-0.00989
gyr,45496865166036300,0.10534,0.01782,-0.00372
gyr,45496865171136800,0.11713,0.02674,0.01107
gyr,45496865176265600,0.11124,0.03178,-0.00126
gyr,45496865181330900,0.11126,0.03169,0.00244
gyr,45496865186456100,0.09949,0.02509,-0.01113
gyr,45496865191550000,0.10654,0.0308,-0.00743
gyr,45496865196615000,0.1065,0.03344,-0.01977
gyr,45496865201722800,0.10656,0.03546,-0.0062
gyr,45496865206776400,0.11472,0.02125,-0.00373
gyr,45496865211909300,0.10542,0.03046,0.00737
gyr,45496865217038200,0.10308,0.01858,0.01478
gyr,45496865222136200,0.10422,0.02827,0.00121
gyr,45496865227226800,0.11715,0.03856,0.00737
gyr,45496865232344900,0.11709,0.0234,0.00367
gyr,45496865237449900,0.10537,0.02483,-0.00249
gyr,45496865242544800,0.09602,0.0129,0.00985
gyr,45496865247657000,0.11709,0.02342,0.00244
gyr,45496865252763000,0.12295,0.02565,0.0049
gyr,45496865257865600,0.11592,0.02701,-0.00003
gyr,45496865262893400,0.10894,0.03398,0.00614
gyr,45496865268016300,0.10652,0.02373,-0.00619
gyr,45496865273118800,0.10185,0.0297,-0.00866
gyr,45496865278216800,0.09707,0.03511,-0.03703
gyr,45496865283332500,0.47203,0.06269,-0.21842
gyr,45496865288438300,0.10223,0.04411,0.07644
gyr,45496865293526800,0.01159,-0.00185,-0.0259
gyr,45496865298631500,-0.01865,0.00456,0.01357
gyr,45496865303648500,0.0852,-0.00548,-0.05182
gyr,45496865308752200,0.10874,0.01849,-0.03333
gyr,45496865313845200,0.06309,0.03099,-0.04689
gyr,45496865318960200,0.49525,0.01345,-0.22951
gyr,45496865324065800,0.11847,0.0758,0.01969
gyr,45496865329157600,-0.05596,0.01123,0.04441
gyr,45496865334229700,0.00938,0.02487,-0.01358
gyr,45496865339320000,0.12278,0.00761,-0.02593
gyr,45496865344441400,0.08068,0.03536,-0.04073
gyr,45496865349526900,0.05033,0.03402,-0.02099
gyr,45496865354642800,0.06096,0.04046,-0.00003
gyr,45496865359748800,0.08669,0.03906,-0.00126
gyr,45496865364842300,0.09824,0.03631,-0.03827
gyr,45496865369936100,0.08656,0.03152,-0.02963
gyr,45496865375070200,0.06547,0.01281,-0.02345
gyr,45496865380164200,0.07493,0.0312,-0.01113
gyr,45496865385253000,0.10184,0.02856,-0.0099
gyr,45496865390384200,0.11119,0.03571,-0.01853
gyr,45496865395479800,0.10068,0.03212,-0.01113
gyr,45496865400574000,0.09246,0.02636,-0.01236
gyr,45496865405691000,0.08772,0.01488,-0.02099
gyr,45496865410795600,0.0913,0.01441,-0.00249
gyr,45496865415893100,0.1042,0.02126,-0.00003
gyr,45496865421037600,0.10891,0.02459,0.00614
gyr,45496865426106400,0.11237,0.02247,-0.00496
gyr,45496865431206800,0.11126,0.0329,0.0012
gyr,45496865436302600,0.09717,0.02617,-0.00619
gyr,45496865441396400,0.10652,0.02373,-0.00619
gyr,45496865446500000,0.09008,0.03381,-0.0284
gyr,45496865451592400,0.09023,0.04129,0.00244
gyr,45496865456692400,0.11001,0.02381,-0.01113
gyr,45496865461803400,0.11003,0.01895,-0.00373
gyr,45496865466916200,0.10304,0.01168,0.00861
gyr,45496865472004200,0.09944,0.03131,-0.02593
gyr,45496865477127600,0.27835,0.02664,-0.05186
gyr,45496865482138000,0.04466,0.02461,0.03205
gyr,45496865487234200,-0.02436,0.02283,0.037
gyr,45496865492328400,0.10539,0.01515,0.00984
gyr,45496865497455900,0.14974,0.02254,-0.02347
gyr,45496865502556000,0.09478,0.02649,-0.01853
gyr,45496865507656600,0.22112,0.06956,-0.0568
gyr,45496865512763200,0.04583,0.0139,0.03822
gyr,45496865517866300,-0.02892,0.04719,0.05056
gyr,45496865522960000,0.11824,0.03547,-0.01113
gyr,45496865528076800,0.10745,0.03354,-0.07404
gyr,45496865533179600,0.07608,0.03368,-0.01729
gyr,45496865538282200,0.09716,0.01309,0.00121
gyr,45496865543274300,0.13232,0.02313,0.0086
gyr,45496865548400300,0.14166,0.02796,-0.00127
gyr,45496865553479000,0.10654,0.03793,-0.01113
gyr,45496865558560000,0.08898,0.03578,-0.01236
gyr,45496865563670400,0.09364,0.03943,-0.01977
gyr,45496865568776100,0.09714,0.03468,-0.01853
gyr,45496865573887600,0.10298,0.01201,-0.00496
gyr,45496865578865700,0.12293,0.0234,0.0012
gyr,45496865584039600,0.12297,0.02677,0.00737
gyr,45496865589099800,0.11015,0.04687,0.00613
gyr,45496865594194000,0.10191,0.03888,-0.00003
gyr,45496865599307800,0.10883,0.02509,-0.01483
gyr,45496865604411500,0.11474,0.03301,-0.00497
gyr,45496865609511800,0.09827,0.02657,-0.02346
gyr,45496865614638600,0.11943,0.02933,-0.00003
gyr,45496865619730400,0.12872,0.01061,-0.00619
gyr,45496865624829400,0.12758,0.01757,-0.00249
gyr,45496865629941400,0.09134,0.02846,-0.00126
gyr,45496865635047500,0.09715,0.03585,-0.01853
gyr,45496865640139100,0.09253,0.0427,-0.00867
gyr,45496865645245300,0.0971,0.03253,-0.02716
gyr,45496865650335200,0.27839,-0.01295,-0.01484
gyr,45496865655456200,0.07146,0.04291,-0.00866
gyr,45496865660556100,-0.03725,0.01832,0.03454
gyr,45496865665653000,0.10656,0.02711,-0.00003
gyr,45496865670772200,0.13452,0.02516,-0.0284
gyr,45496865675875900,0.0831,0.03361,-0.01729
gyr,45496865680969400,0.28057,0.07747,-0.11849
gyr,45496865686085400,0.10664,-0.00087,0.04192
gyr,45496865691189200,-0.05009,0.02182,0.0407
gyr,45496865696282600,0.08075,0.02299,-0.01359
gyr,45496865701426200,0.09695,0.01317,-0.05183
gyr,45496865706505600,0.11123,0.03067,-0.00373
gyr,45496865711608800,0.10891,0.01746,0.00984
gyr,45496865716702600,0.12645,0.03286,-0.00373
gyr,45496865721793600,0.13003,0.04078,0.00736
gyr,45496865726895400,0.11469,0.02377,-0.01113
gyr,45496865731983200,0.0749,0.01947,-0.01112
gyr,45496865737078400,0.09247,0.01915,-0.00496
gyr,45496865742201900,0.11241,0.03177,-0.00126
gyr,45496865747302800,0.11828,0.02805,0.0049
gyr,45496865752385600,0.11011,0.03754,0.00367
gyr,45496865757513300,0.10779,0.03387,0.01107
gyr,45496865762617400,0.10422,0.02713,-0.00003
gyr,45496865767712400,0.11591,0.02942,-0.0025
gyr,45496865772829300,0.10296,0.02767,-0.02223
gyr,45496865777929300,0.09254,0.03543,0.0012
gyr,45496865783024200,0.12054,0.02612,-0.0136
gyr,45496865788053600,0.12059,0.02342,0.0012
gyr,45496865793176800,0.10661,0.02799,0.01231
gyr,45496865798190600,0.11591,0.02945,-0.00373
gyr,45496865803286600,0.11128,0.04111,0.0012
gyr,45496865808417700,0.10065,0.02273,-0.01113
gyr,45496865813417200,0.08543,0.01936,-0.01112
gyr,45496865818517100,0.09247,0.01918,-0.00619
gyr,45496865823619500,0.18308,0.0044,0.13441
gyr,45496865828735500,0.19764,0.04283,-0.05802
gyr,45496865833834600,0.0376,0.03685,0.01355
gyr,45496865838934400,0.01998,0.03623,-0.00248
gyr,45496865844052300,0.1334,0.02845,-0.01853
gyr,45496865849110200,0.12753,0.031,-0.0247
gyr,45496865854208200,0.318,0.04378,-0.09874
gyr,45496865859250000,0.0285,0.01988,0.09003
gyr,45496865864370100,-0.00805,0.02428,0.01849
gyr,45496865869466200,0.06786,0.01247,-0.00988
gyr,45496865874573400,0.0992,0.01728,-0.07773
gyr,45496865879685600,0.08189,0.03392,-0.02963
gyr,45496865884788800,0.06672,0.03973,-0.02099
gyr,45496865889880400,0.11473,0.02832,-0.00496
gyr,45496865895033400,0.12752,0.02033,-0.01976
gyr,45496865900105100,0.1042,0.02481,-0.00126
gyr,45496865905192500,0.10187,0.03079,-0.00496
gyr,45496865910298200,0.11476,0.03169,0.0012
gyr,45496865915411100,0.11362,0.03988,0.00243
gyr,45496865920514700,0.10655,0.03552,-0.00867
gyr,45496865925609400,0.11827,0.03409,-0.0025
gyr,45496865930623500,0.09945,0.03606,-0.0284
gyr,45496865935749200,0.10312,0.03145,0.01601
gyr,45496865940837000,0.12055,0.02843,-0.01237
gyr,45496865945950400,0.1183,0.02913,0.0086
gyr,45496865951057700,0.11128,0.02797,0.01107
gyr,45496865956159200,0.10889,0.03664,-0.00743
gyr,45496865961255800,0.11008,0.03895,-0.0062
gyr,45496865966369800,0.103,0.0274,-0.01113
gyr,45496865971473400,0.09948,0.02157,-0.01113
gyr,45496865976565700,0.10069,0.02012,-0.00002
gyr,45496865981661800,0.11123,0.02589,-0.00003
gyr,45496865986784400,0.1112,0.03205,-0.01237
gyr,45496865991879000,0.09725,0.04717,-0.00127
gyr,45496865996963200,0.28986,-0.00084,0.21211
gyr,45496866002032200,0.19897,0.07288,-0.03953
gyr,45496866007142800,0.00363,0.01237,0.02096
gyr,45496866012284000,-0.0163,0.0319,-0.00248
gyr,45496866017456000,0.11696,0.01943,-0.02716
gyr,45496866022509000,0.13331,0.01112,-0.02963
gyr,45496866027553000,0.29263,0.00958,0.01845
gyr,45496866032699100,0.16275,0.0443,-0.00621
gyr,45496866037803100,0.01666,0.04826,0.03575
gyr,45496866042889300,0.04812,0.03804,0.00861
gyr,45496866047989400,0.13573,0.02608,-0.01853
gyr,45496866053086900,0.10758,0.01005,-0.02346
gyr,45496866058211100,0.08433,0.02733,-0.00002
gyr,45496866063304100,0.1182,0.01541,-0.00619
gyr,45496866068407400,0.13694,0.02343,-0.0062
gyr,45496866073520300,0.1124,0.03423,-0.0062
gyr,45496866078615300,0.08665,0.03455,-0.00866
gyr,45496866083719400,0.09015,0.02504,-0.00496
gyr,45496866088832800,0.09478,0.02171,-0.01483
gyr,45496866093935500,0.0878,0.03706,-0.01606
gyr,45496866099031100,0.11005,0.03314,-0.00866
gyr,45496866104044600,0.12292,0.01395,0.00367
gyr,45496866109173000,0.10544,0.03037,0.01107
gyr,45496866114259000,0.10183,0.02504,-0.00989
gyr,45496866119362000,0.1054,0.04137,-0.00743
gyr,45496866124479800,0.09948,0.0299,-0.01606
gyr,45496866129582200,0.11469,0.02377,-0.01113
gyr,45496866134677000,0.1077,0.01654,-0.00002
gyr,45496866139787100,0.10074,0.02458,0.00984
gyr,45496866144898800,0.12182,0.03142,0.00984
gyr,45496866149990000,0.1195,0.04206,0.00736
gyr,45496866155085000,0.11016,0.03605,0.01724
gyr,45496866160192500,0.10661,0.03277,0.0086
gyr,45496866165280800,0.09841,0.03886,0.00244
gyr,45496866170391800,0.08781,0.03104,-0.00989
gyr,45496866175486800,0.18425,0.02231,0.12084
gyr,45496866180609600,0.17896,0.03199,-0.03828
gyr,45496866185705600,0.05039,0.01455,0.00862
gyr,45496866190802600,0.05274,0.02042,0.00738
gyr,45496866195921700,0.13799,0.02659,-0.04074
gyr,45496866201022600,0.12868,0.02633,-0.02593
gyr,45496866206123200,0.22144,0.00439,0.06903
gyr,45496866211237100,0.14165,0.04829,-0.01731
gyr,45496866216342800,0.00588,0.01047,0.00123
gyr,45496866221438000,0.04566,0.01729,-0.00618
gyr,45496866226459000,0.1544,0.0298,-0.03457
gyr,45496866231556000,0.12639,0.03201,-0.0173
gyr,45496866236655000,0.07848,0.03451,-0.00373
gyr,45496866241753200,0.10064,0.02878,-0.01853
gyr,45496866246860200,0.10766,0.03226,-0.01977
gyr,45496866251963400,0.09485,0.04394,-0.01237
gyr,45496866257054600,0.09949,0.02747,-0.01236
gyr,45496866262157100,0.12058,0.02826,-0.00496
gyr,45496866267281200,0.10661,0.05183,-0.00374
gyr,45496866272304400,0.11003,0.03804,-0.0173
gyr,45496866277409400,0.11127,0.03046,0.0049
gyr,45496866282524400,0.12292,0.02345,-0.00126
gyr,45496866287621600,0.10418,0.02255,-0.00496
gyr,45496866292719000,0.11238,0.0284,-0.00743
gyr,45496866297813000,0.11473,0.01758,0.00244
gyr,45496866302941600,0.12059,0.02462,-0.00003
gyr,45496866308041200,0.11123,0.02946,-0.0025
gyr,45496866313137000,0.10307,0.03295,0.00244
gyr,45496866318246600,0.09834,0.02857,-0.00866
gyr,45496866323345100,0.11242,0.03174,-0.00003
gyr,45496866328455600,0.10056,0.02684,-0.0358
gyr,45496866333555000,0.09836,0.03079,-0.00373
gyr,45496866338664600,0.11817,0.02391,-0.01853
gyr,45496866343766600,0.11821,0.01652,-0.00373
gyr,45496866348872100,0.09952,0.02726,-0.00373
gyr,45496866353970300,0.09599,0.02621,-0.00743
gyr,45496866359078600,0.11353,0.04405,-0.0247
gyr,45496866364182200,0.275,0.03286,-0.01609
gyr,45496866369285800,0.13104,0.04651,-0.03704
gyr,45496866374390200,-0.0199,0.00624,-0.0074
gyr,45496866379501800,0.02112,0.02449,-0.00248
gyr,45496866384602000,0.15326,0.00934,-0.01236
gyr,45496866389706400,0.11815,0.01807,-0.01976
gyr,45496866394810400,0.08199,0.02732,0.00121
gyr,45496866399913800,0.11597,0.0303,0.00984
gyr,45496866405019200,0.13821,0.03357,0.01107
gyr,45496866410108200,0.12054,0.01779,-0.00866
gyr,45496866415231900,0.07611,0.0323,-0.00866
gyr,45496866420313200,0.08543,0.02174,-0.01236
gyr,45496866425434800,0.11823,0.0164,0.00121
gyr,45496866430539100,0.12525,0.01278,0.00244
gyr,45496866435670500,0.1206,0.01858,0.00737
gyr,45496866440746400,0.11249,0.03608,0.01477
gyr,45496866445852100,0.11595,0.03279,0.00367
gyr,45496866450953600,0.11237,0.01057,0.00244
gyr,45496866456057600,0.10882,-0.00706,0.00492
gyr,45496866461162600,0.11233,-0.01545,0.01109
gyr,45496866466263900,0.11123,-0.03136,0.03946
gyr,45496866471367000,0.12646,-0.01019,0.03082
gyr,45496866476475100,0.11837,0.0096,0.04068
gyr,45496866481577300,0.08683,0.03226,0.03821
gyr,45496866486683000,0.0657,0.03171,0.02094
gyr,45496866491769800,0.0681,0.04083,0.03081
gyr,45496866496887400,0.07729,0.03581,-0.00866
gyr,45496866501975400,0.11945,0.0376,-0.0025
gyr,45496866507113800,0.12757,0.03432,-0.01607
gyr,45496866512203000,0.11707,0.0319,-0.00867
gyr,45496866517305600,0.1054,0.03776,-0.00373
gyr,45496866522409700,0.10067,0.04649,-0.02347
gyr,45496866527515900,0.08664,0.03941,-0.01606
gyr,45496866532616600,0.30485,-0.00803,0.16277
gyr,45496866537724200,0.21745,0.07534,-0.10121
gyr,45496866542827400,0.09576,-0.01535,-0.03578
gyr,45496866547929800,-0.00571,0.02907,0.01356
gyr,45496866553034100,0.09129,0.03356,-0.01853
gyr,45496866558139000,0.1134,0.0317,-0.04814
gyr,45496866563240400,0.38373,-0.01657,-0.00499
gyr,45496866568345600,0.05757,0.08871,-0.00498
gyr,45496866573445800,-0.03716,0.03803,0.0444
gyr,45496866578555200,0.04229,0.0427,0.01231
gyr,45496866583656200,0.10519,0.01518,-0.04073
gyr,45496866588760600,0.08764,0.0213,-0.04443
gyr,45496866593863800,0.09246,0.02044,-0.00989
gyr,45496866598968000,0.11362,0.02677,0.01107
gyr,45496866604072400,0.12535,0.03962,0.0086
gyr,45496866609179300,0.12052,0.02386,-0.0173
gyr,45496866614279800,0.08538,0.02321,-0.02469
gyr,45496866619365500,0.08546,0.01799,-0.00249
gyr,45496866624491400,0.10886,0.02013,-0.00373
gyr,45496866629573800,0.13113,0.03162,-0.0025
gyr,45496866634702400,0.11476,0.03052,0.0012
gyr,45496866639801400,0.10307,0.0294,0.00367
gyr,45496866644903800,0.10424,0.03654,-0.00126
gyr,45496866649950800,0.09946,0.02761,-0.01853
gyr,45496866655058300,0.09483,0.02854,-0.00619
gyr,45496866660157900,0.10416,0.02868,-0.01606
gyr,45496866665261800,0.11705,0.03081,-0.01237
gyr,45496866670368000,0.1077,0.02487,-0.00496
gyr,45496866675468000,0.11352,0.01662,-0.00619
gyr,45496866680574600,0.10659,0.03884,-0.00003
gyr,45496866685679200,0.10771,0.04149,-0.0136
gyr,45496866690784600,0.1053,0.02407,-0.01976
gyr,45496866695886800,0.10882,0.01682,-0.01236
gyr,45496866700990300,0.10885,0.0226,-0.00866
gyr,45496866706103000,0.1159,0.03068,-0.0062
gyr,45496866711205500,0.29161,0.02059,0.04928
gyr,45496866716308400,0.24696,0.08901,-0.04695
gyr,45496866721414000,-0.00678,0.0165,0.04933
gyr,45496866726515500,-0.02092,0.03159,0.01233
gyr,45496866731621000,0.12627,0.02799,-0.04567
gyr,45496866736729600,0.12041,0.02213,-0.0432
gyr,45496866741842000,0.24785,-0.01904,0.25529
gyr,45496866746932800,0.23054,0.06196,-0.03706
gyr,45496866752038000,0.06907,-0.01763,0.0222
gyr,45496866757142400,-0.00816,0.03328,-0.01481
gyr,45496866762245800,0.0983,0.02877,-0.0173
gyr,45496866767348800,0.11798,0.02153,-0.06663
gyr,45496866772451200,0.08184,0.01746,-0.02839
gyr,45496866777554500,0.08664,0.01073,0.00615
gyr,45496866782656600,0.13112,0.02455,-0.00126
gyr,45496866787763800,0.13465,0.03871,-0.0062
gyr,45496866792866600,0.10778,0.03868,0.00613
gyr,45496866797969800,0.10078,0.04464,0.0049
gyr,45496866803077000,0.10895,0.04348,0.0012
gyr,45496866808179800,0.11947,0.04106,-0.00004
gyr,45496866813283600,0.10649,0.03227,-0.01977
gyr,45496866818372200,0.10311,0.04225,0.00613
gyr,45496866823438000,0.12524,0.02355,-0.0062
gyr,45496866828522000,0.11245,0.02321,0.01354
gyr,45496866833645400,0.09728,0.02189,0.02588
gyr,45496866838731600,0.11832,0.04092,0.00613
gyr,45496866843831900,0.09484,0.03447,-0.00866
gyr,45496866848932600,0.10187,0.03079,-0.00496
gyr,45496866854037800,0.10416,0.01792,-0.00742
gyr,45496866859142700,0.10301,0.01303,0.00121
gyr,45496866864245300,0.11357,0.02231,0.00121
gyr,45496866869349000,0.11361,0.03279,0.0049
gyr,45496866874462000,0.10895,0.03753,0.0049
gyr,45496866879556600,0.10649,0.02749,-0.01606
gyr,45496866884663200,0.10421,0.03074,-0.00373
gyr,45496866889766200,0.29927,0.01306,0.2158
gyr,45496866894871400,0.21633,0.09297,-0.10245
gyr,45496866899972400,-0.00218,-0.01646,0.05181
gyr,45496866905026200,-0.06075,0.01556,0.01234
gyr,45496866910118000,0.09933,0.01529,-0.04319
gyr,45496866915229200,0.12859,0.02688,-0.04937
gyr,45496866920333200,0.31129,0.03125,-0.0124
gyr,45496866925419700,0.12642,0.05096,-0.02471
gyr,45496866930545200,0.0047,0.00937,-0.00124
gyr,45496866935645200,0.07252,0.01016,-0.01358
gyr,45496866940747800,0.13215,0.02295,-0.03333
gyr,45496866945852200,0.11464,0.02051,-0.02223
gyr,45496866950955700,0.08553,0.03544,0.00367
gyr,45496866956065800,0.1183,0.03151,0.00737
gyr,45496866961167800,0.12056,0.03556,-0.01607
gyr,45496866966272000,0.11596,0.03872,0.0012
gyr,45496866971380800,0.11707,0.02117,-0.00126
gyr,45496866976483000,0.11821,0.01174,-0.00002
gyr,45496866981585400,0.11359,0.02217,0.00737
gyr,45496866986693200,0.10881,0.02283,-0.01853
gyr,45496866991782400,0.11008,0.03056,0.0012
gyr,45496866996899800,0.11713,0.03871,0.0012
gyr,45496867001982400,0.10301,0.02614,-0.00743
gyr,45496867007058200,0.10533,0.02149,-0.00989
gyr,45496867012212200,0.10887,0.02128,-0.00249
gyr,45496867017310200,0.1159,0.02713,-0.00496
gyr,45496867022416100,0.11364,0.03619,0.00984
gyr,45496867027517300,0.10659,0.03526,0.00244
gyr,45496867032622200,0.12409,0.03303,-0.0099
gyr,45496867037728200,0.0889,0.02792,-0.02716
gyr,45496867042830600,0.09252,0.03437,-0.00373
gyr,45496867047941000,0.11703,0.01782,-0.00866
gyr,45496867053046600,0.11122,0.02237,-0.00003
gyr,45496867058149000,0.11003,0.01777,-0.00373
gyr,45496867063249800,0.10417,0.03936,-0.021
gyr,45496867068361200,0.20121,0.04121,-0.04075
gyr,45496867073458000,0.07612,0.02274,-0.00125
gyr,45496867078568100,-0.00689,0.01837,0.01973
gyr,45496867083669600,0.11938,0.01888,-0.00496
gyr,45496867088774200,0.14504,0.01077,-0.01976
gyr,45496867093882100,0.08661,0.02528,-0.01359
gyr,45496867098980400,0.30067,0.01639,-0.02472
gyr,45496867104086200,0.17466,0.08463,0.01967
gyr,45496867109192600,-0.02445,0.03649,0.00492
gyr,45496867114294000,0.02685,0.02396,-0.03208
gyr,45496867119396800,0.1205,0.03354,-0.02964
gyr,45496867124450000,0.11459,0.0089,-0.02716
gyr,45496867129547200,0.11354,0.01052,0.00368
gyr,45496867134651600,0.11475,0.01265,0.01231
gyr,45496867139758000,0.12762,0.01974,0.00491
gyr,45496867144870800,0.13698,0.03279,-0.00497
gyr,45496867149964600,0.09135,0.03676,-0.00496
gyr,45496867155077800,0.08191,0.02424,-0.01729
gyr,45496867160171300,0.08424,0.02662,-0.01976
gyr,45496867165275400,0.10533,0.01911,-0.00866
gyr,45496867170379400,0.12409,0.02347,-0.0025
gyr,45496867175481400,0.1183,0.03388,0.00613
gyr,45496867180587400,0.11364,0.03264,0.01107
gyr,45496867185692200,0.10428,0.03986,0.00737
gyr,45496867190795600,0.11013,0.04458,0.00367
gyr,45496867195898400,0.09009,0.03492,-0.02593
gyr,45496867201003700,0.11123,0.02709,-0.00126
gyr,45496867206105200,0.11818,0.0215,-0.01606
gyr,45496867211210900,0.11588,0.02006,-0.00373
gyr,45496867216315800,0.1089,0.02465,0.00367
gyr,45496867221423400,0.11123,0.03905,-0.01113
gyr,45496867226525600,0.10545,0.05296,-0.00127
gyr,45496867231627200,0.11005,0.03555,-0.01113
gyr,45496867236739800,0.11001,0.02264,-0.01113
gyr,45496867241833900,0.10885,0.01899,-0.00496
gyr,45496867246925000,0.11944,0.03525,-0.0025
gyr,45496867252039800,0.13591,0.04887,0.00983
gyr,45496867257157200,0.13825,0.05962,0.00119
gyr,45496867262260900,0.13236,0.04202,0.00366
gyr,45496867267364600,0.17569,0.03537,0.01846
gyr,45496867272468600,0.23068,0.06108,-0.00006
gyr,45496867277476100,0.2247,0.06674,-0.0383
gyr,45496867282577300,0.15918,0.0709,-0.03829
gyr,45496867287686200,0.14412,0.09047,-0.01609
gyr,45496867292787400,0.10904,0.11217,-0.02596
gyr,45496867297890800,0.07881,0.12796,0.01351
gyr,45496867302996800,0.08124,0.13697,0.0283
gyr,45496867308101000,0.04729,0.22332,-0.0371
gyr,45496867313204400,0.0086,0.22895,-0.06053
gyr,45496867318308900,-0.03722,0.16373,-0.06173
gyr,45496867323424800,-0.05371,0.14544,-0.07529
gyr,45496867328515400,0.01208,0.13008,0.00118
gyr,45496867333618700,0.28616,0.05764,0.12204
gyr,45496867338722600,0.18297,-0.06892,0.15911
gyr,45496867343814000,0.15231,-0.32024,-0.01594
gyr,45496867348930600,0.13485,-0.22624,0.23319
gyr,45496867354036300,0.44764,-0.98603,0.28153
gyr,45496867359138200,0.44662,-0.9369,-0.00958
gyr,45496867364241400,0.35765,-0.80689,-0.11199
gyr,45496867369347100,0.37612,-1.08358,0.02132
gyr,45496867374450800,0.25481,-2.03347,0.79754
gyr,45496867379555000,-0.05564,-0.02435,-0.73265
gyr,45496867384660800,0.23026,-0.67517,0.12603
gyr,45496867389778400,0.10211,-0.35145,0.03465
gyr,45496867394866100,0.25754,-0.32908,0.26404
gyr,45496867399971000,0.27917,-0.46404,0.50461
gyr,45496867405080400,-0.12572,-0.66521,0.05208
gyr,45496867410088400,-0.1645,-0.84765,-0.15506
gyr,45496867415188600,-0.42915,-0.76731,0.0312
gyr,45496867420293400,-0.54882,-0.90625,-0.24502
gyr,45496867425385800,-0.42293,-0.10968,-0.34525
gyr,45496867430499200,-0.48432,-0.33495,-0.61652
gyr,45496867435605200,-1.37639,-0.63837,-0.51141
gyr,45496867440706400,-1.00603,-0.76627,-0.26844
gyr,45496867445811000,-0.98259,-0.5077,-0.14889
gyr,45496867450915200,-1.50511,-0.63318,0.36435
gyr,45496867456002700,-1.74012,-0.77741,0.80602
gyr,45496867461124200,-1.56268,-0.71323,1.24261
gyr,45496867466232600,-1.34193,-0.22835,1.38423
gyr,45496867471338800,-1.49427,-0.4056,1.74942
gyr,45496867476438600,-1.35639,-0.28627,2.20203
gyr,45496867481541600,-1.22467,-0.03626,2.19205
gyr,45496867486648400,-0.94029,0.31986,1.94764
gyr,45496867491763900,-0.65731,0.60444,1.40477
gyr,45496867496853600,-0.61031,0.76502,1.04454
gyr,45496867501958600,-0.58128,0.99997,0.82119
gyr,45496867507014800,-0.43872,1.27299,0.57807
gyr,45496867512163800,-0.44051,1.57035,0.20916
gyr,45496867517268800,-0.42986,1.18522,0.5152
gyr,45496867522359900,-0.56289,1.35985,0.47938
gyr,45496867527477000,-0.33984,1.57634,0.50887
gyr,45496867532576600,-0.32026,1.4873,0.49533
gyr,45496867537684600,-0.46905,0.98384,0.51405
gyr,45496867542787400,-0.37476,0.82942,0.2082
gyr,45496867547909800,0.01725,0.96732,-0.18045
gyr,45496867553002000,0.0402,0.47552,-0.5281
gyr,45496867558106800,-0.04341,0.57169,-0.14452
gyr,45496867563209400,0.12739,0.26109,0.06895
gyr,45496867568315600,0.11647,-0.03122,0.18008
gyr,45496867573447200,-0.09106,-0.01942,0.06539
gyr,45496867578522600,0.05865,0.12862,-0.05556
gyr,45496867583625400,0.04045,-0.00443,0.17021
gyr,45496867588734200,0.11839,-0.59812,-0.10833
gyr,45496867593835600,0.09569,-0.0746,-0.01109
gyr,45496867598938900,0.0938,-0.39718,0.03714
gyr,45496867604042000,0.21771,-0.73554,-0.04416
gyr,45496867609146100,0.15217,-0.50092,-0.21445
gyr,45496867614249400,-0.08941,-0.14308,-0.31199
gyr,45496867619355000,0.15387,-0.01372,-0.72405
gyr,45496867624458700,0.00626,0.20504,-0.33804
gyr,45496867629560600,0.12325,0.15502,-0.30597
gyr,45496867634668400,0.11585,0.20265,-0.72906
gyr,45496867639768200,0.07529,0.5731,-0.60092
gyr,45496867644875000,0.11047,0.14161,0.01843
gyr,45496867649962000,0.09599,-0.01793,0.02343
gyr,45496867655087200,0.1065,0.00957,-0.00249
gyr,45496867660183800,0.10654,0.01171,0.00614
gyr,45496867665268200,0.10653,0.01892,-0.00126
gyr,45496867670391200,0.11124,0.02703,0.0012
gyr,45496867675478200,0.10887,0.03321,-0.01113
gyr,45496867680601000,0.11942,0.03299,-0.0062
gyr,45496867685705200,0.11239,0.03071,-0.0062
gyr,45496867690808000,0.11124,0.03178,-0.00126
gyr,45496867695911200,0.10654,0.02719,-0.00373
gyr,45496867701016800,0.11239,0.02238,-0.00126
gyr,45496867706007600,0.11123,0.02468,0.00121
gyr,45496867711130000,0.10303,0.0296,-0.00496
gyr,45496867716234000,0.10889,0.02829,-0.00126
gyr,45496867721339800,0.10889,0.03189,-0.00496
gyr,45496867726441500,0.11237,0.02367,-0.0062
gyr,45496867731544800,0.11238,0.02482,-0.00496
gyr,45496867736648000,0.11357,0.03064,-0.00373
gyr,45496867741756000,0.10886,0.02609,-0.00743
gyr,45496867746854600,0.11708,0.02944,-0.00373
gyr,45496867751961600,0.11354,0.02132,-0.00619
gyr,45496867757063600,0.10649,0.02036,-0.01236
gyr,45496867762150500,0.11122,0.0236,-0.00249
gyr,45496867767272500,0.1077,0.02724,-0.0062
gyr,45496867772374400,0.11123,0.02592,-0.00126
gyr,45496867777478700,0.10656,0.02948,-0.00126
gyr,45496867782583800,0.10655,0.02476,-0.00003
gyr,45496867787686300,0.11118,0.02143,-0.00989
gyr,45496867792798000,0.11241,0.033,-0.00373
gyr,45496867797899800,0.1124,0.02588,-0.00003
gyr,45496867803002500,0.11006,0.02827,-0.00126
gyr,45496867808113900,0.10887,0.02961,-0.00743
gyr,45496867813211200,0.11003,0.02728,-0.00866
gyr,45496867818317000,0.11474,0.02829,-0.00373